1 0.26717557251908397 0.5858778625954199 0.2652671755725191 0.6164122137404581 0.2958015267175573 0.683206106870229 0.30725190839694655 0.7461832061068703 0.31297709923664124 0.7480916030534351 0.3187022900763359 0.7251908396946565 0.3377862595419847 0.6965648854961832 0.4255725190839695 0.6450381679389313 0.4637404580152672 0.6068702290076335 0.5057251908396947 0.5152671755725191 0.5076335877862596 0.44656488549618323 0.4904580152671756 0.4312977099236641 0.4599236641221374 0.4312977099236641 0.3549618320610687 0.46946564885496184 0.2881679389312977 0.5381679389312977
1 0.02862595419847328 0.4599236641221374 0.01717557251908397 0.4847328244274809 0.02099236641221374 0.47900763358778625 0.05152671755725191 0.4847328244274809 0.2881679389312977 0.46946564885496184 0.45610687022900764 0.42366412213740456 0.4713740458015267 0.41030534351145037 0.45038167938931295 0.3988549618320611 0.40076335877862596 0.3893129770992366 0.23282442748091603 0.3893129770992366 0.09923664122137404 0.4179389312977099
1 0.26145038167938933 0.24427480916030533 0.25572519083969464 0.25572519083969464 0.2595419847328244 0.2786259541984733 0.30916030534351147 0.3301526717557252 0.3797709923664122 0.3702290076335878 0.4770992366412214 0.4083969465648855 0.48854961832061067 0.4064885496183206 0.49236641221374045 0.3988549618320611 0.4770992366412214 0.3549618320610687 0.49236641221374045 0.30343511450381677 0.4618320610687023 0.25763358778625955 0.41412213740458015 0.23091603053435114 0.30343511450381677 0.20229007633587787
1 0.4847328244274809 0.33396946564885494 0.48282442748091603 0.3797709923664122 0.5038167938931297 0.3931297709923664 0.6412213740458015 0.3187022900763359 0.6641221374045801 0.2881679389312977 0.6641221374045801 0.26908396946564883 0.6335877862595419 0.24236641221374045 0.5858778625954199 0.25 0.5687022900763359 0.2633587786259542 0.5419847328244275 0.26908396946564883 0.5038167938931297 0.29770992366412213
1 0.1946564885496183 0.49236641221374045 0.17557251908396945 0.5209923664122137 0.17557251908396945 0.5362595419847328 0.1965648854961832 0.5438931297709924 0.24045801526717558 0.5438931297709924 0.2900763358778626 0.5286259541984732 0.3530534351145038 0.4675572519083969 0.44274809160305345 0.4312977099236641 0.30916030534351147 0.46946564885496184 0.20610687022900764 0.47900763358778625
1 0.5286259541984732 0.4351145038167939 0.5133587786259542 0.4446564885496183 0.5190839694656488 0.5114503816793893 0.566793893129771 0.5706106870229007 0.6545801526717557 0.6297709923664122 0.8091603053435115 0.6793893129770993 0.8320610687022901 0.7061068702290076 0.8721374045801527 0.732824427480916 0.8492366412213741 0.7080152671755725 0.833969465648855 0.6641221374045801 0.833969465648855 0.6393129770992366 0.7767175572519084 0.5152671755725191 0.732824427480916 0.4732824427480916 0.5992366412213741 0.4312977099236641
1 0.49427480916030536 0.5553435114503816 0.49236641221374045 0.601145038167939 0.5190839694656488 0.6507633587786259 0.5610687022900763 0.6908396946564885 0.5763358778625954 0.6870229007633588 0.6202290076335878 0.6431297709923665 0.6316793893129771 0.6221374045801527 0.5566164122137404 0.5623416030534351 0.5152671755725191 0.5114503816793893
1 0.5419847328244275 0.40076335877862596 0.5267175572519084 0.40458015267175573 0.5267175572519084 0.41030534351145037 0.7175572519083969 0.4541984732824427 0.799618320610687 0.4618320610687023 0.8148854961832062 0.44274809160305345 0.833969465648855 0.43320610687022904 0.8282442748091603 0.42366412213740456 0.7958015267175572 0.41030534351145037 0.7137404580152672 0.3931297709923664 0.5954198473282443 0.3893129770992366
1 0.5267175572519084 0.3893129770992366 0.5209923664122137 0.3969465648854962 0.5324427480916031 0.4026717557251908 0.5896946564885496 0.3893129770992366 0.6927480916030534 0.38740458015267176 0.7805343511450382 0.37213740458015265 0.9141221374045801 0.33969465648854963 0.9465648854961832 0.31297709923664124 0.8187022900763359 0.29770992366412213 0.7061068702290076 0.30916030534351147 0.6068702290076335 0.33969465648854963
0 0.7385496183206107 0.4713740458015267 0.767175572519084 0.49809160305343514 0.7919847328244275 0.5381679389312977 0.9217557251908397 0.5381679389312977 0.9866412213740458 0.5286259541984732 0.8568702290076335 0.48282442748091603 0.7919847328244275 0.46946564885496184
0 0.6259541984732825 0.6412213740458015 0.6125954198473282 0.6603053435114504 0.6125954198473282 0.6812977099236641 0.6431297709923665 0.7118320610687023 0.7366412213740458 0.7538167938931297 0.7977099236641222 0.7919847328244275 0.9198473282442748 0.8187022900763359 0.9465648854961832 0.8396946564885496 0.9427480916030534 0.7690839694656488 0.9217557251908397 0.7270992366412213 0.8473282442748091 0.6564885496183206 0.8396946564885496 0.6622137404580153 0.8396946564885496 0.6793893129770993 0.8148854961832062 0.6889312977099237 0.799618320610687 0.6774809160305344 0.7061068702290076 0.6545801526717557 0.6412213740458015 0.6259541984732825
0 0.5381679389312977 0.6755725190839694 0.5381679389312977 0.7061068702290076 0.549618320610687 0.7309160305343512 0.583969465648855 0.7480916030534351 0.6202290076335878 0.7290076335877863 0.6221374045801527 0.7022900763358778 0.5954198473282443 0.6755725190839694 0.5553435114503816 0.6851145038167938
0 0.32633587786259544 0.7309160305343512 0.32633587786259544 0.7786259541984732 0.3416030534351145 0.8034351145038168 0.4122137404580153 0.7824427480916031 0.4541984732824427 0.7595419847328244 0.48854961832061067 0.7270992366412213 0.5076335877862596 0.6946564885496184 0.5095419847328244 0.666030534351145 0.4904580152671756 0.6049618320610687 0.4751908396946565 0.5973282442748091 0.4217557251908397 0.6507633587786259 0.33969465648854963 0.6984732824427481
0 0.0019083969465648854 0.34923664122137404 0 0.41030534351145037 0.02862595419847328 0.4541984732824427 0.11259541984732824 0.41030534351145037 0.19274809160305342 0.3931297709923664 0.22519083969465647 0.3301526717557252 0.23282442748091603 0.2538167938931298 0.19274809160305342 0.24427480916030533 0.16030534351145037 0.25 0.12213740458015267 0.29389312977099236 0.05916030534351145 0.3377862595419847 0.03435114503816794 0.31297709923664124
0 0.03244274809160305 0.2652671755725191 0.03244274809160305 0.29389312977099236 0.05343511450381679 0.3416030534351145 0.13358778625954199 0.28053435114503816 0.15458015267175573 0.2538167938931298 0.17748091603053434 0.20229007633587787 0.15267175572519084 0.1984732824427481 0.08396946564885496 0.21755725190839695 0.05152671755725191 0.24045801526717558
0 0.8721374045801527 0.24618320610687022 0.8721374045801527 0.2958015267175573 0.9122137404580153 0.3015267175572519 0.9980916030534351 0.22328244274809161 0.9980916030534351 0.16793893129770993 0.9732824427480916 0.1717557251908397 0.9179389312977099 0.1984732824427481 0.8797709923664122 0.22709923664122136