1 0.003816793893129771 0.0057251908396946565 0.0019083969465648854 0.21946564885496184 0.07251908396946564 0.2385496183206107 0.42748091603053434 0.30343511450381677 0.4904580152671756 0.30343511450381677 0.5057251908396947 0.2881679389312977 0.5038167938931297 0.2767175572519084 0.46946564885496184 0.2480916030534351 0.3377862595419847 0.15458015267175573 0.22900763358778625 0.10687022900763359 0.11259541984732824 0.04198473282442748 0.04198473282442748 0.013358778625954198
1 0.0019083969465648854 0.4713740458015267 0 0.7843511450381679 0.02099236641221374 0.7862595419847328 0.09541984732824428 0.7633587786259542 0.23473282442748092 0.700381679389313 0.26145038167938933 0.6297709923664122 0.3110687022900763 0.5343511450381679 0.35877862595419846 0.46946564885496184 0.37404580152671757 0.4351145038167939 0.4351145038167939 0.37786259541984735 0.4580152671755725 0.3377862595419847 0.40458015267175573 0.33396946564885494 0.27099236641221375 0.3606870229007634 0.06297709923664122 0.4389312977099237
1 0.41412213740458015 0.4389312977099237 0.4179389312977099 0.48091603053435117 0.3988549618320611 0.5133587786259542 0.38740458015267176 0.5534351145038168 0.3988549618320611 0.6030534351145038 0.4179389312977099 0.6259541984732825 0.5114503816793893 0.6774809160305344 0.6068702290076335 0.6164122137404581 0.6221374045801527 0.5782442748091603 0.6221374045801527 0.549618320610687 0.6087786259541985 0.5286259541984732 0.6049618320610687 0.49236641221374045 0.6125954198473282 0.4599236641221374 0.6125954198473282 0.3816793893129771 0.6030534351145038 0.34541984732824427 0.6030534351145038 0.3053435114503817 0.5858778625954199 0.2652671755725191 0.6354961832061069 0.15648854961832062 0.6450381679389313 0.14885496183206107 0.6335877862595419 0.13358778625954199 0.6125954198473282 0.14694656488549618 0.5877862595419847 0.21183206106870228 0.5553435114503816 0.2652671755725191 0.517175572519084 0.2824427480916031 0.4904580152671756 0.3110687022900763 0.4484732824427481 0.3683206106870229
1 0.18702290076335878 0.026717557251908396 0.18893129770992367 0.05725190839694656 0.2099236641221374 0.0916030534351145 0.2385496183206107 0.11259541984732824 0.35877862595419846 0.16603053435114504 0.36259541984732824 0.17557251908396945 0.4083969465648855 0.20419847328244276 0.4255725190839695 0.20610687022900764 0.45610687022900764 0.19274809160305342 0.5095419847328244 0.13931297709923665 0.5 0.12595419847328243 0.37404580152671757 0.08778625954198473 0.3511450381679389 0.05534351145038168 0.3511450381679389 0 0.1946564885496183 0
0 0.03625954198473282 0.3148854961832061 0 0.32061068702290074 0 0.37213740458015265 0.26717557251908397 0.3568702290076336 0.31679389312977096 0.3435114503816794 0.1946564885496183 0.31679389312977096 0.12404580152671756 0.3110687022900763
1 0.003816793893129771 0.37404580152671757 0 0.4675572519083969 0.10114503816793893 0.4217557251908397 0.1851145038167939 0.3950381679389313 0.21374045801526717 0.3797709923664122 0.22519083969465647 0.36450381679389315
0 0.28435114503816794 0.6774809160305344 0.28053435114503816 0.7366412213740458 0.3053435114503817 0.7805343511450382 0.31297709923664124 0.8034351145038168 0.30916030534351147 0.8206106870229007 0.31679389312977096 0.8206106870229007 0.4083969465648855 0.7748091603053435 0.5133587786259542 0.7423664122137404 0.5343511450381679 0.7270992366412213 0.5591603053435115 0.683206106870229 0.5629770992366412 0.6622137404580153 0.5515267175572519 0.6583969465648855 0.5076335877862596 0.6812977099236641 0.5 0.6679389312977099 0.4312977099236641 0.6335877862595419 0.3931297709923664 0.5916030534351145 0.3893129770992366 0.5706106870229007 0.3816793893129771 0.5687022900763359 0.3187022900763359 0.6221374045801527
0 0.6106870229007634 0.48854961832061067 0.6106870229007634 0.517175572519084 0.6278625954198473 0.5801526717557252 0.6183206106870229 0.5877862595419847 0.6068702290076335 0.6202290076335878 0.5801526717557252 0.6393129770992366 0.5782442748091603 0.6583969465648855 0.6068702290076335 0.6946564885496184 0.7118320610687023 0.7805343511450382 0.7614503816793893 0.7309160305343512 0.7729007633587787 0.7061068702290076 0.7843511450381679 0.6603053435114504 0.7767175572519084 0.6145038167938931 0.7480916030534351 0.5572519083969466 0.6870229007633588 0.5 0.6335877862595419 0.4732824427480916 0.6164122137404581 0.4751908396946565
0 0.5597958015267176 0.22010114503816794 0.5267175572519084 0.10814312977099237 0.5699751908396946 0.013994274809160306 0.8524179389312977 0.0025438931297709923 0.8600515267175572 0.08524236641221375 0.7926202290076336 0.21628435114503816 0.6755725190839694 0.20610687022900764 0.549618320610687 0.22010114503816794
1 0.9103053435114504 0.21946564885496184 0.8874045801526718 0.22900763358778625 0.9980916030534351 0.2366412213740458 0.9961832061068703 0.20610687022900764
1 0.6679389312977099 0.32633587786259544 0.6812977099236641 0.35877862595419846 0.7213740458015268 0.37404580152671757 0.8377862595419847 0.3816793893129771 0.9961832061068703 0.3702290076335878 0.9980916030534351 0.25190839694656486 0.8301526717557252 0.24236641221374045 0.7118320610687023 0.2900763358778626
1 0.7442748091603053 0.43320610687022904 0.7423664122137404 0.46564885496183206 0.7538167938931297 0.5114503816793893 0.8225190839694656 0.6259541984732825 0.916030534351145 0.7118320610687023 0.9980916030534351 0.7480916030534351 0.9980916030534351 0.49236641221374045 0.816793893129771 0.4179389312977099 0.767175572519084 0.4179389312977099