1 0.30916030534351147 0.23091603053435114 0.3282442748091603 0.33969465648854963 0.32633587786259544 0.4064885496183206 0.31297709923664124 0.4541984732824427 0.29770992366412213 0.5877862595419847 0.2786259541984733 0.6603053435114504 0.2767175572519084 0.7156488549618321 0.3148854961832061 0.7480916030534351 0.366412213740458 0.7232824427480916 0.3797709923664122 0.6965648854961832 0.36450381679389315 0.6412213740458015 0.38549618320610685 0.566793893129771 0.38740458015267176 0.5 0.3606870229007634 0.4446564885496183 0.3606870229007634 0.3893129770992366 0.3893129770992366 0.3549618320610687 0.42748091603053434 0.24045801526717558 0.43702290076335876 0.20229007633587787 0.4312977099236641 0.14694656488549618 0.4064885496183206 0.12404580152671756 0.36450381679389315 0.13740458015267176 0.32061068702290074 0.1851145038167939
1 0.5152671755725191 0.5477099236641222 0.5209923664122137 0.6164122137404581 0.5381679389312977 0.6717557251908397 0.5763358778625954 0.7290076335877863 0.6383587786259542 0.7853053435114504 0.6622137404580153 0.8301526717557252 0.6679389312977099 0.8301526717557252 0.683206106870229 0.683206106870229 0.648854961832061 0.5992366412213741 0.6202290076335878 0.5591603053435115 0.5916030534351145 0.5381679389312977
1 0.1316793893129771 0.6393129770992366 0.12595419847328243 0.6507633587786259 0.19083969465648856 0.683206106870229 0.26908396946564883 0.6755725190839694 0.2881679389312977 0.6259541984732825 0.2958015267175573 0.5706106870229007 0.2729007633587786 0.5648854961832062 0.20229007633587787 0.5858778625954199
1 0.20610687022900764 0.5419847328244275 0.20610687022900764 0.5801526717557252 0.23091603053435114 0.5744274809160306 0.30725190839694655 0.4866412213740458 0.30916030534351147 0.4637404580152672 0.24427480916030533 0.4866412213740458
1 0.37786259541984735 0.6049618320610687 0.3683206106870229 0.6354961832061069 0.37213740458015265 0.6469465648854962 0.43320610687022904 0.6526717557251909 0.45610687022900764 0.666030534351145 0.45038167938931295 0.6469465648854962 0.4198473282442748 0.6164122137404581 0.38740458015267176 0.5916030534351145
1 0.6564885496183206 0.5954198473282443 0.6507633587786259 0.5973282442748091 0.6564885496183206 0.6202290076335878 0.6698473282442748 0.6374045801526718 0.6965648854961832 0.7061068702290076 0.8587786259541985 0.7919847328244275 0.982824427480916 0.8396946564885496 0.9904580152671756 0.8358778625954199 0.950381679389313 0.7881679389312977 0.9122137404580153 0.7232824427480916 0.8549618320610687 0.6641221374045801 0.7366412213740458 0.5935114503816794
1 0.5629770992366412 0.5152671755725191 0.5572519083969466 0.5381679389312977 0.5916030534351145 0.5019083969465649 0.6774809160305344 0.5057251908396947 0.7137404580152672 0.5248091603053435 0.7919847328244275 0.5877862595419847 0.8187022900763359 0.6393129770992366 0.8606870229007634 0.666030534351145 0.8759541984732825 0.6889312977099237 0.8893129770992366 0.6946564885496184 0.8912213740458015 0.7061068702290076 0.9122137404580153 0.7194656488549618 0.8931297709923665 0.6526717557251909 0.7824427480916031 0.5553435114503816 0.7557251908396947 0.5209923664122137 0.6851145038167938 0.4751908396946565 0.6221374045801527 0.4732824427480916 0.5820610687022901 0.4904580152671756
1 0.5362595419847328 0.15267175572519084 0.5286259541984732 0.16984732824427481 0.5458015267175572 0.16793893129770993 0.5610687022900763 0.17557251908396945 0.566793893129771 0.19083969465648856 0.5629770992366412 0.3568702290076336 0.6087786259541985 0.42938931297709926 0.6278625954198473 0.4446564885496183 0.6125954198473282 0.41412213740458015 0.6297709923664122 0.3931297709923664 0.648854961832061 0.3473282442748092 0.6507633587786259 0.3053435114503817 0.6259541984732825 0.20038167938931298 0.6068702290076335 0.16793893129770993 0.583969465648855 0.14694656488549618
1 0.48091603053435117 0.20801526717557253 0.48091603053435117 0.24045801526717558 0.49427480916030536 0.2633587786259542 0.5209923664122137 0.22519083969465647 0.49236641221374045 0.1984732824427481
1 0.4484732824427481 0.30916030534351147 0.45038167938931295 0.37786259541984735 0.4713740458015267 0.42748091603053434 0.4580152671755725 0.4961832061068702 0.4732824427480916 0.5229007633587787 0.5 0.5209923664122137 0.5038167938931297 0.49427480916030536 0.4866412213740458 0.4312977099236641 0.5038167938931297 0.40458015267175573 0.5076335877862596 0.3301526717557252 0.4732824427480916 0.24618320610687022
1 0.4179389312977099 0.8225190839694656 0.41603053435114506 0.8530534351145038 0.4255725190839695 0.8874045801526718 0.46946564885496184 0.9885496183206107 0.4770992366412214 0.9599236641221374 0.5343511450381679 0.8645038167938931 0.5438931297709924 0.8187022900763359 0.5381679389312977 0.7519083969465649 0.49236641221374045 0.7442748091603053 0.46564885496183206 0.7538167938931297 0.4312977099236641 0.7881679389312977
1 0.4064885496183206 0.5381679389312977 0.41412213740458015 0.5477099236641222 0.4351145038167939 0.5515267175572519 0.48282442748091603 0.5973282442748091 0.48854961832061067 0.5954198473282443 0.5019083969465649 0.549618320610687 0.49809160305343514 0.5286259541984732
1 0.10305343511450382 0.9904580152671756 0.10114503816793893 0.9980916030534351 0.10687022900763359 0.9980916030534351 0.183206106870229 0.9541984732824428 0.4351145038167939 0.7748091603053435 0.3988549618320611 0.7633587786259542 0.35877862595419846 0.7633587786259542 0.2767175572519084 0.7938931297709924 0.1946564885496183 0.8683206106870229
1 0.3320610687022901 0.8492366412213741 0.32633587786259544 0.8568702290076335 0.3549618320610687 0.8759541984732825 0.4179389312977099 0.8721374045801527 0.41412213740458015 0.8301526717557252 0.4026717557251908 0.8263358778625954 0.36450381679389315 0.8244274809160306
1 0.5515267175572519 0.8664122137404581 0.549618320610687 0.8778625954198473 0.5553435114503816 0.8778625954198473 0.5877862595419847 0.8606870229007634 0.6641221374045801 0.851145038167939 0.6927480916030534 0.8358778625954199 0.7175572519083969 0.8072519083969466 0.6736641221374046 0.799618320610687 0.6545801526717557 0.8129770992366412 0.6431297709923665 0.7977099236641222 0.6183206106870229 0.8015267175572519 0.5763358778625954 0.8263358778625954
1 0.5305343511450382 0.8969465648854962 0.5305343511450382 0.950381679389313 0.5477099236641222 0.9980916030534351 0.6889312977099237 0.9980916030534351 0.6755725190839694 0.9599236641221374 0.6354961832061069 0.9007633587786259 0.5725190839694656 0.8835877862595419 0.5362595419847328 0.8893129770992366