1 0.267515923566879 0.5843949044585988 0.2659235668789809 0.6178343949044586 0.30095541401273884 0.695859872611465 0.3073248407643312 0.7452229299363057 0.31210191082802546 0.7484076433121019 0.3200636942675159 0.7213375796178344 0.3343949044585987 0.7006369426751592 0.42356687898089174 0.6464968152866242 0.46656050955414013 0.6035031847133758 0.5047770700636943 0.5207006369426752 0.5079617834394905 0.44745222929936307 0.4968152866242038 0.43471337579617836 0.4601910828025478 0.4315286624203822 0.3519108280254777 0.4713375796178344 0.29936305732484075 0.5238853503184714
1 0.5143312101910829 0.4426751592356688 0.5127388535031847 0.48089171974522293 0.5207006369426752 0.5159235668789809 0.5636942675159236 0.5684713375796179 0.6050955414012739 0.6019108280254777 0.6592356687898089 0.6321656050955414 0.8105095541401274 0.6799363057324841 0.8343949044585988 0.7070063694267515 0.8598726114649682 0.7245222929936306 0.8439490445859873 0.697452229299363 0.8328025477707006 0.6640127388535032 0.8343949044585988 0.6401273885350318 0.8184713375796179 0.6003184713375797 0.7754777070063694 0.5127388535031847 0.7484076433121019 0.4856687898089172 0.732484076433121 0.4729299363057325 0.6671974522292994 0.44745222929936307 0.60828025477707 0.43312101910828027 0.5429936305732485 0.4299363057324841
1 0.5222929936305732 0.3980891719745223 0.5222929936305732 0.40923566878980894 0.5461783439490446 0.41878980891719747 0.7531847133757962 0.4585987261146497 0.7993630573248408 0.46178343949044587 0.8136942675159236 0.4442675159235669 0.8343949044585988 0.43312101910828027 0.8312101910828026 0.4251592356687898 0.7882165605095541 0.40764331210191085 0.7133757961783439 0.39331210191082805 0.6003184713375797 0.3885350318471338 0.5302547770700637 0.4028662420382166
1 0.5270700636942676 0.3885350318471338 0.5222929936305732 0.3996815286624204 0.5382165605095541 0.4028662420382166 0.6114649681528662 0.3853503184713376 0.6847133757961783 0.3885350318471338 0.7818471337579618 0.37261146496815284 0.910828025477707 0.34076433121019106 0.945859872611465 0.31210191082802546 0.839171974522293 0.29936305732484075 0.7340764331210191 0.304140127388535 0.6305732484076433 0.32961783439490444 0.552547770700637 0.36942675159235666
1 0.25636942675159236 0.2515923566878981 0.25477707006369427 0.26910828025477707 0.2770700636942675 0.30254777070063693 0.3375796178343949 0.3503184713375796 0.4729299363057325 0.40764331210191085 0.49044585987261147 0.40605095541401276 0.47770700636942676 0.35668789808917195 0.49363057324840764 0.304140127388535 0.4299363057324841 0.24363057324840764 0.3614649681528662 0.21656050955414013 0.29936305732484075 0.20063694267515925
1 0.4840764331210191 0.3328025477707006 0.482484076433121 0.37738853503184716 0.4872611464968153 0.3885350318471338 0.5031847133757962 0.39331210191082805 0.64171974522293 0.3184713375796178 0.6640127388535032 0.2898089171974522 0.6640127388535032 0.26910828025477707 0.6353503184713376 0.24203821656050956 0.5875796178343949 0.25 0.5191082802547771 0.28503184713375795 0.5 0.30254777070063693
1 0.02388535031847134 0.4713375796178344 0.02388535031847134 0.4840764331210191 0.044585987261146494 0.4856687898089172 0.28821656050955413 0.4697452229299363 0.4570063694267516 0.42356687898089174 0.4713375796178344 0.410828025477707 0.4426751592356688 0.3964968152866242 0.410828025477707 0.39012738853503187 0.32643312101910826 0.3853503184713376 0.22770700636942676 0.39012738853503187 0.1035031847133758 0.4171974522292994 0.03821656050955414 0.45222929936305734
1 0.19745222929936307 0.4888535031847134 0.1751592356687898 0.5207006369426752 0.1767515923566879 0.5382165605095541 0.2356687898089172 0.5445859872611465 0.2914012738853503 0.5270700636942676 0.3535031847133758 0.4681528662420382 0.4426751592356688 0.4315286624203822 0.4156050955414013 0.43471337579617836 0.31528662420382164 0.46656050955414013 0.2054140127388535 0.47929936305732485
1 0.01751592356687898 0.3248407643312102 0 0.3487261146496815 0 0.41878980891719747 0.014331210191082803 0.4410828025477707 0.03184713375796178 0.4538216560509554 0.11305732484076433 0.410828025477707 0.1926751592356688 0.39331210191082805 0.22611464968152867 0.33121019108280253 0.2340764331210191 0.2531847133757962 0.22452229299363058 0.24522292993630573 0.17197452229299362 0.24522292993630573 0.160828025477707 0.25 0.11305732484076433 0.30095541401273884 0.07006369426751592 0.32961783439490444 0.04777070063694268 0.33121019108280253 0.03662420382165605 0.31210191082802546
1 0.03821656050955414 0.25477707006369427 0.030254777070063694 0.2659235668789809 0.030254777070063694 0.2818471337579618 0.052547770700636945 0.34235668789808915 0.1464968152866242 0.267515923566879 0.1767515923566879 0.20222929936305734 0.15445859872611464 0.19904458598726116 0.10031847133757962 0.21178343949044587 0.06687898089171974 0.22770700636942676
1 0.2659235668789809 0.1767515923566879 0.31528662420382164 0.19585987261146498 0.5222929936305732 0.2372611464968153 0.46337579617834396 0.20222929936305734 0.4171974522292994 0.18471337579617833 0.3487261146496815 0.1767515923566879