1 0.10114503816793893 0.36259541984732824 0.10305343511450382 0.48091603053435117 0.11068702290076336 0.5133587786259542 0.14885496183206107 0.5419847328244275 0.18702290076335878 0.5572519083969466 0.1965648854961832 0.5820610687022901 0.1946564885496183 0.5992366412213741 0.28053435114503816 0.5706106870229007 0.32061068702290074 0.5400763358778626 0.33969465648854963 0.5114503816793893 0.3549618320610687 0.44083969465648853 0.38740458015267176 0.35877862595419846 0.4026717557251908 0.28435114503816794 0.44656488549618323 0.1946564885496183 0.4847328244274809 0.15648854961832062 0.4904580152671756 0.13931297709923665 0.4446564885496183 0.1297709923664122 0.3549618320610687 0.14122137404580154 0.26908396946564883 0.17748091603053434 0.21564885496183206 0.21374045801526717 0.13358778625954199 0.29389312977099236 0.11259541984732824 0.32633587786259544
1 0.4064885496183206 0.3893129770992366 0.3988549618320611 0.4618320610687023 0.4217557251908397 0.5076335877862596 0.4847328244274809 0.5706106870229007 0.5534351145038168 0.6125954198473282 0.6087786259541985 0.6374045801526718 0.6145038167938931 0.6259541984732825 0.7041984732824428 0.5801526717557252 0.7366412213740458 0.5400763358778626 0.7480916030534351 0.5076335877862596 0.7423664122137404 0.4599236641221374 0.6793893129770993 0.3511450381679389 0.666030534351145 0.3187022900763359 0.6641221374045801 0.2786259541984733 0.6354961832061069 0.2366412213740458 0.5763358778625954 0.20038167938931298 0.5133587786259542 0.1946564885496183 0.4713740458015267 0.22137404580152673 0.4484732824427481 0.25572519083969464 0.44274809160305345 0.29770992366412213
1 0.013358778625954198 0.2366412213740458 0 0.25 0 0.29389312977099236 0.02480916030534351 0.3187022900763359 0.03435114503816794 0.36259541984732824 0.030534351145038167 0.37213740458015265 0.03816793893129771 0.37213740458015265 0.06297709923664122 0.35877862595419846 0.2748091603053435 0.16603053435114504 0.33587786259541985 0.14122137404580154 0.33396946564885494 0.1316793893129771 0.34923664122137404 0.11641221374045801 0.3950381679389313 0.11068702290076336 0.4198473282442748 0.09732824427480916 0.36259541984732824 0.0916030534351145 0.2385496183206107 0.11259541984732824 0.13358778625954199 0.16984732824427481 0.07442748091603053 0.19274809160305342
1 0.02099236641221374 0.3893129770992366 0.02862595419847328 0.4961832061068702 0.11068702290076336 0.6049618320610687 0.12404580152671756 0.6049618320610687 0.11068702290076336 0.566793893129771 0.12595419847328243 0.5362595419847328 0.10114503816793893 0.5038167938931297 0.09351145038167939 0.3893129770992366 0.11450381679389313 0.3110687022900763 0.10114503816793893 0.30916030534351147 0.08015267175572519 0.32061068702290074 0.06297709923664122 0.35877862595419846 0.02862595419847328 0.37595419847328243
1 0.30343511450381677 0.5648854961832062 0.3053435114503817 0.6450381679389313 0.3301526717557252 0.6984732824427481 0.3683206106870229 0.7156488549618321 0.4484732824427481 0.7690839694656488 0.4637404580152672 0.7690839694656488 0.5343511450381679 0.7137404580152672 0.5782442748091603 0.666030534351145 0.5916030534351145 0.6412213740458015 0.5877862595419847 0.6316793893129771 0.5400763358778626 0.6106870229007634 0.4847328244274809 0.5744274809160306 0.42938931297709926 0.5229007633587787 0.3950381679389313 0.4446564885496183 0.4026717557251908 0.4198473282442748 0.3988549618320611 0.39122137404580154 0.37595419847328243 0.40458015267175573 0.3549618320610687 0.4599236641221374 0.3473282442748092 0.5076335877862596 0.3244274809160305 0.549618320610687
1 0.11641221374045801 0.666030534351145 0.12404580152671756 0.7194656488549618 0.16412213740458015 0.7614503816793893 0.16793893129770993 0.7862595419847328 0.2786259541984733 0.7442748091603053 0.32633587786259544 0.7022900763358778 0.31297709923664124 0.6755725190839694 0.2958015267175573 0.5687022900763359 0.19083969465648856 0.6068702290076335 0.16412213740458015 0.5973282442748091 0.14885496183206107 0.6278625954198473
1 0.6183206106870229 0.6335877862595419 0.6183206106870229 0.6641221374045801 0.6431297709923665 0.6889312977099237 0.7137404580152672 0.732824427480916 0.7270992366412213 0.732824427480916 0.7538167938931297 0.7118320610687023 0.7938931297709924 0.6564885496183206 0.8091603053435115 0.6507633587786259 0.816793893129771 0.6641221374045801 0.833969465648855 0.6603053435114504 0.8416030534351145 0.6049618320610687 0.8282442748091603 0.5725190839694656 0.8091603053435115 0.5515267175572519 0.7767175572519084 0.5209923664122137 0.7519083969465649 0.5133587786259542 0.7423664122137404 0.5400763358778626 0.7041984732824428 0.5858778625954199 0.648854961832061 0.6183206106870229 0.6259541984732825 0.6221374045801527
0 0.3377862595419847 0.8206106870229007 0.33969465648854963 0.8683206106870229 0.3702290076335878 0.8874045801526718 0.48091603053435117 0.9198473282442748 0.5133587786259542 0.9198473282442748 0.5458015267175572 0.9083969465648855 0.5477099236641222 0.8912213740458015 0.5229007633587787 0.8301526717557252 0.4770992366412214 0.8072519083969466 0.45229007633587787 0.7748091603053435 0.41412213740458015 0.7538167938931297 0.3969465648854962 0.7519083969465649 0.37404580152671757 0.7652671755725191 0.35877862595419846 0.7786259541984732
0 0.4637404580152672 0.7709923664122137 0.4637404580152672 0.7862595419847328 0.4866412213740458 0.8091603053435115 0.5305343511450382 0.8301526717557252 0.6030534351145038 0.8416030534351145 0.6622137404580153 0.816793893129771 0.6946564885496184 0.7824427480916031 0.6812977099236641 0.7156488549618321 0.6278625954198473 0.6793893129770993 0.6087786259541985 0.648854961832061 0.5935114503816794 0.6545801526717557 0.4866412213740458 0.7576335877862596
0 0.6889312977099237 0.7309160305343512 0.7251908396946565 0.8664122137404581 0.7614503816793893 0.8587786259541985 0.7958015267175572 0.816793893129771 0.8282442748091603 0.8225190839694656 0.8206106870229007 0.7843511450381679 0.8396946564885496 0.7251908396946565 0.816793893129771 0.6736641221374046 0.7919847328244275 0.666030534351145 0.7290076335877863 0.7309160305343512 0.7156488549618321 0.7366412213740458
0 0.6049618320610687 0.8645038167938931 0.6106870229007634 0.9427480916030534 0.6221374045801527 0.9675572519083969 0.6583969465648855 0.9980916030534351 0.6870229007633588 0.9980916030534351 0.6870229007633588 0.9770992366412213 0.7080152671755725 0.9446564885496184 0.7633587786259542 0.9026717557251909 0.75 0.8835877862595419 0.7194656488549618 0.8645038167938931 0.6507633587786259 0.833969465648855 0.6164122137404581 0.8473282442748091
0 0.25763358778625955 0.7576335877862596 0.2786259541984733 0.7748091603053435 0.2824427480916031 0.7938931297709924 0.2595419847328244 0.8129770992366412 0.2538167938931298 0.8473282442748091 0.2862595419847328 0.8740458015267175 0.3301526717557252 0.8816793893129771 0.3377862595419847 0.8740458015267175 0.3377862595419847 0.8225190839694656 0.3549618320610687 0.7748091603053435 0.34541984732824427 0.7137404580152672 0.32633587786259544 0.7080152671755725
0 0.8931297709923665 0.6603053435114504 0.8912213740458015 0.6889312977099237 0.9198473282442748 0.75 0.8950381679389313 0.7938931297709924 0.9980916030534351 0.7843511450381679 0.9980916030534351 0.6049618320610687 0.982824427480916 0.6106870229007634 0.9732824427480916 0.5954198473282443 0.9408396946564885 0.601145038167939 0.9141221374045801 0.6240458015267175
0 0.16603053435114504 0 0 0 0 0.13358778625954199 0.026717557251908396 0.21564885496183206 0.2480916030534351 0.10114503816793893 0.23282442748091603 0.06870229007633588