1 0.4312977099236641 0.39122137404580154 0.4446564885496183 0.45229007633587787 0.4599236641221374 0.6240458015267175 0.4732824427480916 0.6431297709923665 0.4904580152671756 0.6374045801526718 0.5057251908396947 0.6202290076335878 0.5706106870229007 0.5152671755725191 0.5916030534351145 0.44656488549618323 0.5992366412213741 0.37404580152671757 0.5801526717557252 0.3683206106870229 0.4599236641221374 0.37213740458015265 0.4389312977099237 0.37595419847328243
1 0.5019083969465649 0.6259541984732825 0.5 0.6431297709923665 0.5248091603053435 0.6507633587786259 0.6125954198473282 0.6450381679389313 0.6793893129770993 0.6316793893129771 0.700381679389313 0.6183206106870229 0.7938931297709924 0.5916030534351145 0.8587786259541985 0.5248091603053435 0.8797709923664122 0.44083969465648853 0.9064885496183206 0.4217557251908397 0.8835877862595419 0.42938931297709926 0.8263358778625954 0.42938931297709926 0.7958015267175572 0.44274809160305345 0.7633587786259542 0.4446564885496183 0.7194656488549618 0.46564885496183206 0.5419847328244275 0.5687022900763359
1 0.1316793893129771 0.4637404580152672 0.12786259541984732 0.5362595419847328 0.13549618320610687 0.5763358778625954 0.16412213740458015 0.6221374045801527 0.21183206106870228 0.6622137404580153 0.2958015267175573 0.6889312977099237 0.35877862595419846 0.6870229007633588 0.44274809160305345 0.6641221374045801 0.4446564885496183 0.6564885496183206 0.42938931297709926 0.6393129770992366 0.4122137404580153 0.648854961832061 0.34923664122137404 0.6412213740458015 0.2919847328244275 0.6221374045801527 0.20610687022900764 0.5725190839694656 0.15394465648854963 0.5260820610687023 0.1431297709923664 0.5 0.16030534351145037 0.45610687022900764 0.18702290076335878 0.44083969465648853 0.16793893129770993 0.4446564885496183 0.14694656488549618 0.43702290076335876
1 0.4732824427480916 0.6717557251908397 0.4713740458015267 0.700381679389313 0.47900763358778625 0.7232824427480916 0.5133587786259542 0.7709923664122137 0.5286259541984732 0.7805343511450382 0.5534351145038168 0.7786259541984732 0.6106870229007634 0.7404580152671756 0.648854961832061 0.732824427480916 0.6736641221374046 0.7099236641221374 0.6603053435114504 0.6946564885496184 0.5992366412213741 0.6793893129770993 0.549618320610687 0.6526717557251909 0.5324427480916031 0.6545801526717557 0.5477099236641222 0.6908396946564885 0.5286259541984732 0.7041984732824428 0.48854961832061067 0.6679389312977099
1 0.5629770992366412 0.648854961832061 0.5896946564885496 0.6717557251908397 0.6507633587786259 0.6889312977099237 0.6774809160305344 0.7061068702290076 0.7041984732824428 0.7061068702290076 0.7576335877862596 0.6984732824427481 0.816793893129771 0.700381679389313 0.8874045801526718 0.6870229007633588 0.9351145038167938 0.6622137404580153 0.9561068702290076 0.6622137404580153 0.9980916030534351 0.6412213740458015 0.9980916030534351 0.6316793893129771 0.6889312977099237 0.6297709923664122 0.6164122137404581 0.6469465648854962
1 0.6335877862595419 0.7404580152671756 0.6335877862595419 0.7461832061068703 0.6679389312977099 0.7614503816793893 0.7557251908396947 0.7767175572519084 0.8225190839694656 0.7595419847328244 0.8702290076335878 0.7652671755725191 0.8778625954198473 0.7519083969465649 0.8740458015267175 0.7347328244274809 0.8282442748091603 0.7022900763358778 0.7290076335877863 0.700381679389313 0.6793893129770993 0.7080152671755725 0.6641221374045801 0.7290076335877863
1 0.3187022900763359 0.7557251908396947 0.30343511450381677 0.7748091603053435 0.3816793893129771 0.7767175572519084 0.4179389312977099 0.8053435114503816 0.48854961832061067 0.799618320610687 0.5038167938931297 0.7900763358778626 0.5095419847328244 0.7729007633587787 0.4713740458015267 0.7137404580152672 0.4713740458015267 0.6603053435114504 0.45610687022900764 0.6526717557251909 0.44083969465648853 0.6698473282442748 0.3969465648854962 0.6851145038167938 0.3301526717557252 0.7519083969465649
1 0.32633587786259544 0.6164122137404581 0.3244274809160305 0.6221374045801527 0.3530534351145038 0.6354961832061069 0.3702290076335878 0.6374045801526718 0.38740458015267176 0.6221374045801527 0.3988549618320611 0.6354961832061069 0.40076335877862596 0.6259541984732825 0.41412213740458015 0.6221374045801527 0.4217557251908397 0.5935114503816794 0.40458015267175573 0.5820610687022901
1 0.25572519083969464 0.683206106870229 0.2729007633587786 0.7213740458015268 0.2958015267175573 0.75 0.30916030534351147 0.7557251908396947 0.3301526717557252 0.7519083969465649 0.37213740458015265 0.7213740458015268 0.37213740458015265 0.7099236641221374 0.3301526717557252 0.7099236641221374 0.3148854961832061 0.7022900763358778 0.31679389312977096 0.6946564885496184
1 0.026717557251908396 0 0.02480916030534351 0.015267175572519083 0.04007633587786259 0.06679389312977099 0.09732824427480916 0.20038167938931298 0.09732824427480916 0.23473282442748092 0.13740458015267176 0.31297709923664124 0.183206106870229 0.3511450381679389 0.2099236641221374 0.40458015267175573 0.28053435114503816 0.48282442748091603 0.3530534351145038 0.5362595419847328 0.3969465648854962 0.5553435114503816 0.44656488549618323 0.5610687022900763 0.45229007633587787 0.5248091603053435 0.43320610687022904 0.44083969465648853 0.20038167938931298 0.09351145038167939 0.15458015267175573 0.0019083969465648854
1 0.601145038167939 0.39122137404580154 0.5992366412213741 0.4484732824427481 0.683206106870229 0.44656488549618323 0.7958015267175572 0.4179389312977099 0.9198473282442748 0.3606870229007634 0.9980916030534351 0.29770992366412213 0.9980916030534351 0.09351145038167939 0.9809160305343512 0.09351145038167939 0.8549618320610687 0.14694656488549618 0.7729007633587787 0.1946564885496183 0.6526717557251909 0.2958015267175573 0.6068702290076335 0.3568702290076336
1 0.24045801526717558 0.0019083969465648854 0.2366412213740458 0.05343511450381679 0.25572519083969464 0.16793893129770993 0.3549618320610687 0.32251908396946566 0.41030534351145037 0.40076335877862596 0.4217557251908397 0.40076335877862596 0.44083969465648853 0.3683206106870229 0.4866412213740458 0.36450381679389315 0.549618320610687 0.26145038167938933 0.5725190839694656 0.17938931297709923 0.5820610687022901 0.08778625954198473 0.5648854961832062 0
0 0.07633587786259542 0.33587786259541985 0 0.3320610687022901 0 0.38740458015267176 0.08396946564885496 0.44083969465648853 0.1297709923664122 0.45038167938931295 0.13931297709923665 0.4351145038167939 0.15267175572519084 0.4312977099236641 0.16793893129770993 0.43702290076335876 0.18129770992366412 0.4618320610687023 0.2480916030534351 0.45610687022900764 0.22709923664122136 0.43702290076335876 0.17938931297709923 0.3549618320610687
0 0.5706106870229007 0.2786259541984733 0.5687022900763359 0.3110687022900763 0.5553435114503816 0.32251908396946566 0.5553435114503816 0.3435114503816794 0.6030534351145038 0.3511450381679389 0.6259541984732825 0.3320610687022901 0.666030534351145 0.2767175572519084 0.7767175572519084 0.18702290076335878 0.8416030534351145 0.14885496183206107 0.9484732824427481 0.10305343511450382 0.9732824427480916 0.0648854961832061 0.9904580152671756 0 0.7767175572519084 0 0.7041984732824428 0.0648854961832061 0.6564885496183206 0.12213740458015267 0.6183206106870229 0.18129770992366412
0 0.5248091603053435 0.31679389312977096 0.5229007633587787 0.3301526717557252 0.5381679389312977 0.3435114503816794 0.5400763358778626 0.33396946564885494 0.5515267175572519 0.3282442748091603 0.5954198473282443 0.22137404580152673 0.6431297709923665 0.13740458015267176 0.6145038167938931 0.04770992366412214 0.6049618320610687 0.08587786259541985 0.5877862595419847 0.10305343511450382 0.5763358778625954 0.1851145038167939 0.5553435114503816 0.25572519083969464
0 0.6450381679389313 0.4541984732824427 0.6603053435114504 0.4675572519083969 0.6965648854961832 0.4732824427480916 0.7576335877862596 0.44274809160305345 0.7958015267175572 0.4389312977099237 0.8358778625954199 0.42366412213740456 0.8587786259541985 0.4255725190839695 0.8893129770992366 0.4446564885496183 0.8759541984732825 0.4637404580152672 0.8759541984732825 0.4770992366412214 0.9370229007633588 0.4713740458015267 0.9961832061068703 0.45610687022900764 0.9980916030534351 0.3282442748091603 0.9599236641221374 0.33587786259541985 0.8740458015267175 0.3893129770992366 0.7919847328244275 0.42366412213740456
0 0.15076335877862596 0.4847328244274809 0.15076335877862596 0.4961832061068702 0.23091603053435114 0.5229007633587787 0.2919847328244275 0.5248091603053435 0.3148854961832061 0.517175572519084 0.25190839694656486 0.4618320610687023 0.16412213740458015 0.4599236641221374