1 0.3702290076335878 0.26908396946564883 0.31297709923664124 0.2958015267175573 0.25190839694656486 0.31297709923664124 0.29961832061068705 0.33587786259541985 0.34541984732824427 0.41412213740458015 0.38549618320610685 0.4599236641221374 0.4675572519083969 0.5019083969465649 0.5534351145038168 0.5076335877862596 0.566793893129771 0.4866412213740458 0.566793893129771 0.4599236641221374 0.5248091603053435 0.34923664122137404 0.4618320610687023 0.2900763358778626 0.40458015267175573 0.2652671755725191
1 0.36450381679389315 0.6641221374045801 0.32633587786259544 0.7958015267175572 0.2786259541984733 0.8549618320610687 0.3110687022900763 0.833969465648855 0.34923664122137404 0.8358778625954199 0.39122137404580154 0.8206106870229007 0.47900763358778625 0.7786259541984732 0.5057251908396947 0.7576335877862596 0.5286259541984732 0.7251908396946565 0.5591603053435115 0.6354961832061069 0.5687022900763359 0.5553435114503816 0.5553435114503816 0.5152671755725191 0.5076335877862596 0.5133587786259542 0.4637404580152672 0.5343511450381679 0.40076335877862596 0.5992366412213741
1 0.5381679389312977 0.7614503816793893 0.5362595419847328 0.7958015267175572 0.5706106870229007 0.833969465648855 0.5954198473282443 0.7690839694656488 0.6087786259541985 0.6698473282442748 0.6068702290076335 0.5896946564885496 0.5954198473282443 0.566793893129771 0.5916030534351145 0.5267175572519084 0.5782442748091603 0.549618320610687
1 0.5973282442748091 0.5209923664122137 0.5973282442748091 0.5648854961832062 0.6106870229007634 0.6221374045801527 0.6106870229007634 0.6908396946564885 0.6431297709923665 0.8625954198473282 0.6583969465648855 0.9122137404580153 0.6889312977099237 0.9561068702290076 0.6984732824427481 0.8645038167938931 0.6984732824427481 0.7614503816793893 0.6889312977099237 0.7022900763358778 0.6603053435114504 0.6125954198473282 0.6164122137404581 0.5324427480916031
1 0.6087786259541985 0.4866412213740458 0.6049618320610687 0.5 0.6145038167938931 0.5248091603053435 0.6812977099236641 0.6450381679389313 0.7080152671755725 0.6641221374045801 0.732824427480916 0.6622137404580153 0.75 0.6469465648854962 0.7557251908396947 0.6259541984732825 0.7461832061068703 0.5782442748091603 0.7099236641221374 0.5152671755725191 0.6679389312977099 0.4847328244274809 0.6316793893129771 0.48091603053435117
1 0.5152671755725191 0.015267175572519083 0.5152671755725191 0.12786259541984732 0.5305343511450382 0.30343511450381677 0.5725190839694656 0.45229007633587787 0.5877862595419847 0.4713740458015267 0.6030534351145038 0.4389312977099237 0.6125954198473282 0.35877862595419846 0.6068702290076335 0.21564885496183206 0.5801526717557252 0.09923664122137404 0.5419847328244275 0.03435114503816794
1 0.6068702290076335 0.4312977099236641 0.5935114503816794 0.4713740458015267 0.5954198473282443 0.4866412213740458 0.6450381679389313 0.47900763358778625 0.6984732824427481 0.49427480916030536 0.7385496183206107 0.4618320610687023 0.7366412213740458 0.4541984732824427 0.7652671755725191 0.4179389312977099 0.7900763358778626 0.3187022900763359 0.8034351145038168 0.29961832061068705 0.7480916030534351 0.25763358778625955 0.732824427480916 0.2538167938931298 0.7137404580152672 0.2633587786259542 0.6526717557251909 0.3320610687022901
1 0.5438931297709924 0.02480916030534351 0.5858778625954199 0.1049618320610687 0.6106870229007634 0.1984732824427481 0.6335877862595419 0.20419847328244276 0.6679389312977099 0.22709923664122136 0.7347328244274809 0.23473282442748092 0.7519083969465649 0.22709923664122136 0.7576335877862596 0.20610687022900764 0.7538167938931297 0.16793893129770993 0.7137404580152672 0.13358778625954199 0.6641221374045801 0.061068702290076333 0.6641221374045801 0.04961832061068702 0.6870229007633588 0.03816793893129771 0.6812977099236641 0.02480916030534351 0.6507633587786259 0 0.5763358778625954 0
1 0.6564885496183206 0.04961832061068702 0.732824427480916 0.14694656488549618 0.7977099236641222 0.17557251908396945 0.7881679389312977 0.1049618320610687 0.7748091603053435 0.07251908396946564 0.7423664122137404 0.03625954198473282 0.7194656488549618 0.02862595419847328
1 0.7595419847328244 0.5095419847328244 0.7576335877862596 0.5248091603053435 0.7805343511450382 0.48854961832061067 0.7900763358778626 0.48854961832061067 0.8129770992366412 0.41412213740458015 0.8206106870229007 0.3606870229007634 0.816793893129771 0.2919847328244275 0.8129770992366412 0.30916030534351147 0.8034351145038168 0.3148854961832061
1 0.33396946564885494 0.5324427480916031 0.30916030534351147 0.5706106870229007 0.3530534351145038 0.6183206106870229 0.37786259541984735 0.6335877862595419 0.4179389312977099 0.5763358778625954 0.48854961832061067 0.5133587786259542 0.44083969465648853 0.49427480916030536 0.3950381679389313 0.49236641221374045
0 0.20038167938931298 0.3377862595419847 0.21564885496183206 0.4122137404580153 0.23282442748091603 0.44656488549618323 0.2729007633587786 0.4904580152671756 0.30343511450381677 0.5076335877862596 0.3320610687022901 0.5095419847328244 0.366412213740458 0.5038167938931297 0.3988549618320611 0.48282442748091603 0.3988549618320611 0.4751908396946565 0.3530534351145038 0.42938931297709926 0.2919847328244275 0.33396946564885494 0.22328244274809161 0.3244274809160305
0 0.2595419847328244 0.20038167938931298 0.2767175572519084 0.22137404580152673 0.30343511450381677 0.2958015267175573 0.34541984732824427 0.2748091603053435 0.40458015267175573 0.2595419847328244 0.3931297709923664 0.2366412213740458 0.3416030534351145 0.20419847328244276
1 0.45610687022900764 0.18702290076335878 0.4541984732824427 0.2366412213740458 0.46946564885496184 0.2862595419847328 0.5229007633587787 0.3416030534351145 0.5572519083969466 0.40458015267175573 0.5286259541984732 0.30916030534351147 0.5190839694656488 0.20801526717557253 0.47900763358778625 0.17557251908396945 0.4637404580152672 0.17557251908396945
0 0.20229007633587787 0.8110687022900763 0.18129770992366412 0.9198473282442748 0.16030534351145037 0.9389312977099237 0.16412213740458015 0.9446564885496184 0.22709923664122136 0.9427480916030534 0.2633587786259542 0.9255725190839694 0.2958015267175573 0.9007633587786259 0.33396946564885494 0.8549618320610687 0.3377862595419847 0.8416030534351145 0.3187022900763359 0.8396946564885496 0.31679389312977096 0.8034351145038168 0.37213740458015265 0.6374045801526718 0.3549618320610687 0.6240458015267175 0.33969465648854963 0.6240458015267175 0.2786259541984733 0.6603053435114504
0 0.4618320610687023 0.7900763358778626 0.4599236641221374 0.9103053435114504 0.4732824427480916 0.9942748091603053 0.4770992366412214 0.9580152671755725 0.5152671755725191 0.8568702290076335 0.5267175572519084 0.7977099236641222 0.5248091603053435 0.7366412213740458 0.48854961832061067 0.7767175572519084
0 0.2538167938931298 0.5725190839694656 0.25763358778625955 0.6068702290076335 0.26908396946564883 0.6202290076335878 0.2919847328244275 0.6240458015267175 0.32251908396946566 0.5973282442748091 0.30343511450381677 0.5610687022900763 0.32061068702290074 0.549618320610687 0.3244274809160305 0.5381679389312977 0.29961832061068705 0.5362595419847328 0.26908396946564883 0.5477099236641222
0 0.700381679389313 0.8702290076335878 0.6965648854961832 0.916030534351145 0.7156488549618321 0.9293893129770993 0.7614503816793893 0.9885496183206107 0.7805343511450382 0.9980916030534351 0.8320610687022901 0.9961832061068703 0.8015267175572519 0.9198473282442748 0.7709923664122137 0.8797709923664122 0.7519083969465649 0.8721374045801527
0 0.5572519083969466 0.8931297709923665 0.5725190839694656 0.9427480916030534 0.5992366412213741 0.9809160305343512 0.6221374045801527 0.9885496183206107 0.6526717557251909 0.9618320610687023 0.6393129770992366 0.9312977099236641 0.6125954198473282 0.898854961832061 0.5916030534351145 0.8874045801526718
0 0.7404580152671756 0.8358778625954199 0.7423664122137404 0.8454198473282443 0.8454198473282443 0.9045801526717557 0.9064885496183206 0.950381679389313 0.9370229007633588 0.982824427480916 0.9522900763358778 0.9847328244274809 0.9427480916030534 0.9522900763358778 0.9217557251908397 0.9255725190839694 0.8377862595419847 0.8587786259541985
0 0.8931297709923665 0.9484732824427481 0.8893129770992366 0.9561068702290076 0.9103053435114504 0.9980916030534351 0.9980916030534351 0.9980916030534351 0.9980916030534351 0.9236641221374046 0.9312977099236641 0.9217557251908397 0.9026717557251909 0.9522900763358778