1 0.12595419847328243 0.5725190839694656 0.05343511450381679 0.6316793893129771 0 0.6507633587786259 0 0.6583969465648855 0.061068702290076333 0.6564885496183206 0.1183206106870229 0.6698473282442748 0.20801526717557253 0.6736641221374046 0.3320610687022901 0.6335877862595419 0.37404580152671757 0.6106870229007634 0.40076335877862596 0.5820610687022901 0.38549618320610685 0.5095419847328244 0.26145038167938933 0.5209923664122137 0.1965648854961832 0.5381679389312977
1 0.03435114503816794 0.41412213740458015 0 0.41412213740458015 0 0.5305343511450382 0.09541984732824428 0.5400763358778626 0.13740458015267176 0.5362595419847328 0.16412213740458015 0.5248091603053435 0.16412213740458015 0.49427480916030536 0.13549618320610687 0.4541984732824427 0.08206106870229007 0.42366412213740456
1 0.0057251908396946565 0.1450381679389313 0 0.1450381679389313 0 0.23473282442748092 0.11068702290076336 0.3988549618320611 0.1297709923664122 0.44274809160305345 0.1431297709923664 0.42938931297709926 0.15648854961832062 0.39122137404580154 0.11450381679389313 0.32251908396946566 0.13740458015267176 0.28435114503816794 0.08396946564885496 0.21374045801526717
1 0.1183206106870229 0.31297709923664124 0.12022900763358779 0.3320610687022901 0.1450381679389313 0.3702290076335878 0.1851145038167939 0.3893129770992366 0.6526717557251909 0.41030534351145037 0.7919847328244275 0.4446564885496183 0.8587786259541985 0.43702290076335876 0.8893129770992366 0.4122137404580153 0.8625954198473282 0.37213740458015265 0.816793893129771 0.3377862595419847 0.7595419847328244 0.32061068702290074 0.648854961832061 0.3282442748091603 0.6049618320610687 0.3416030534351145 0.5419847328244275 0.33969465648854963 0.4751908396946565 0.32061068702290074 0.28053435114503816 0.3015267175572519 0.1946564885496183 0.2824427480916031 0.14122137404580154 0.2862595419847328
1 0.2595419847328244 0.19274809160305342 0.25763358778625955 0.2633587786259542 0.27099236641221375 0.2958015267175573 0.40076335877862596 0.30916030534351147 0.4083969465648855 0.26145038167938933 0.3969465648854962 0.21755725190839695 0.3797709923664122 0.18129770992366412 0.32251908396946566 0.1049618320610687
1 0.5458015267175572 0.37595419847328243 0.5286259541984732 0.4122137404580153 0.4847328244274809 0.4541984732824427 0.5133587786259542 0.4484732824427481 0.5534351145038168 0.4198473282442748 0.5629770992366412 0.3797709923664122
1 0.41603053435114506 0.20610687022900764 0.41030534351145037 0.21374045801526717 0.43702290076335876 0.20801526717557253 0.4904580152671756 0.2385496183206107 0.5248091603053435 0.2881679389312977 0.5229007633587787 0.30725190839694655 0.5343511450381679 0.3282442748091603 0.5553435114503816 0.33396946564885494 0.5362595419847328 0.25763358778625955 0.5076335877862596 0.21755725190839695 0.4770992366412214 0.1984732824427481
1 0.4351145038167939 0.40458015267175573 0.42748091603053434 0.4255725190839695 0.37213740458015265 0.46946564885496184 0.3606870229007634 0.48854961832061067 0.4064885496183206 0.5 0.4541984732824427 0.49427480916030536 0.4484732824427481 0.4083969465648855 0.4446564885496183 0.3988549618320611
1 0.05916030534351145 0.8473282442748091 0 0.9656488549618321 0.003816793893129771 0.9751908396946565 0.1984732824427481 0.8759541984732825 0.2786259541984733 0.799618320610687 0.3377862595419847 0.7213740458015268 0.3416030534351145 0.6583969465648855 0.33587786259541985 0.6412213740458015 0.3282442748091603 0.6374045801526718 0.18129770992366412 0.683206106870229 0.12213740458015267 0.7519083969465649
1 0.45229007633587787 0.5038167938931297 0.45229007633587787 0.5305343511450382 0.4675572519083969 0.5515267175572519 0.47900763358778625 0.5515267175572519 0.49427480916030536 0.5343511450381679 0.5419847328244275 0.5152671755725191 0.5820610687022901 0.5076335877862596 0.5820610687022901 0.5152671755725191 0.6164122137404581 0.5324427480916031 0.7175572519083969 0.5534351145038168 0.7461832061068703 0.5438931297709924 0.8187022900763359 0.5400763358778626 0.8320610687022901 0.5248091603053435 0.8377862595419847 0.49809160305343514 0.7576335877862596 0.4847328244274809 0.7404580152671756 0.4732824427480916 0.6793893129770993 0.46564885496183206 0.6202290076335878 0.4732824427480916 0.5610687022900763 0.49427480916030536 0.5019083969465649 0.4847328244274809
1 0.5553435114503816 0.6297709923664122 0.549618320610687 0.6393129770992366 0.5801526717557252 0.6221374045801527 0.6698473282442748 0.6583969465648855 0.7480916030534351 0.6545801526717557 0.8396946564885496 0.6297709923664122 0.8702290076335878 0.6106870229007634 0.8931297709923665 0.5877862595419847 0.8893129770992366 0.549618320610687 0.8683206106870229 0.5324427480916031 0.8473282442748091 0.5324427480916031 0.8416030534351145 0.5725190839694656 0.648854961832061 0.5725190839694656
1 0.42366412213740456 0.5591603053435115 0.45038167938931295 0.5744274809160306 0.45610687022900764 0.601145038167939 0.4484732824427481 0.6202290076335878 0.45038167938931295 0.6774809160305344 0.4122137404580153 0.7385496183206107 0.37213740458015265 0.7709923664122137 0.3435114503816794 0.8110687022900763 0.30343511450381677 0.8282442748091603 0.25572519083969464 0.8683206106870229 0.1717557251908397 0.9141221374045801 0.23282442748091603 0.9198473282442748 0.2900763358778626 0.898854961832061 0.34541984732824427 0.8454198473282443 0.38549618320610685 0.7938931297709924 0.42748091603053434 0.7709923664122137 0.4541984732824427 0.7461832061068703 0.49809160305343514 0.6774809160305344 0.49809160305343514 0.6259541984732825 0.46564885496183206 0.5706106870229007
1 0.05152671755725191 0.6622137404580153 0.05534351145038168 0.6755725190839694 0.1049618320610687 0.7175572519083969 0.11641221374045801 0.6717557251908397
1 0.02480916030534351 0.549618320610687 0.03816793893129771 0.5973282442748091 0.03625954198473282 0.6164122137404581 0.04580152671755725 0.6335877862595419 0.09541984732824428 0.5877862595419847 0.05534351145038168 0.5572519083969466