1 0.34541984732824427 0.1450381679389313 0.33396946564885494 0.2099236641221374 0.3511450381679389 0.25 0.43320610687022904 0.33587786259541985 0.48282442748091603 0.3702290076335878 0.5114503816793893 0.37404580152671757 0.5324427480916031 0.33969465648854963 0.5438931297709924 0.2958015267175573 0.5438931297709924 0.23091603053435114 0.517175572519084 0.19083969465648856 0.4599236641221374 0.15267175572519084 0.37213740458015265 0.12595419847328243 0.3606870229007634 0.12595419847328243
1 0.02099236641221374 0.13740458015267176 0.03816793893129771 0.22709923664122136 0.04961832061068702 0.2480916030534351 0.13358778625954199 0.30343511450381677 0.26908396946564883 0.34923664122137404 0.4351145038167939 0.3797709923664122 0.4751908396946565 0.3797709923664122 0.4770992366412214 0.37213740458015265 0.38740458015267176 0.29961832061068705 0.3301526717557252 0.21564885496183206 0.1736641221374046 0.16603053435114504 0.07061068702290077 0.16030534351145037
1 0.5477099236641222 0.2919847328244275 0.5286259541984732 0.3549618320610687 0.5324427480916031 0.37213740458015265 0.5419847328244275 0.37786259541984735 0.5648854961832062 0.37595419847328243 0.6221374045801527 0.3473282442748092 0.6793893129770993 0.3320610687022901 0.7919847328244275 0.2652671755725191 0.8492366412213741 0.21564885496183206 0.8740458015267175 0.11068702290076336 0.8377862595419847 0.12786259541984732 0.7538167938931297 0.13931297709923665 0.6698473282442748 0.16793893129770993 0.5935114503816794 0.22519083969465647
1 0.5629770992366412 0.3797709923664122 0.5629770992366412 0.38740458015267176 0.6183206106870229 0.3988549618320611 0.8244274809160306 0.3950381679389313 0.8645038167938931 0.383587786259542 0.8740458015267175 0.32633587786259544 0.8320610687022901 0.3187022900763359 0.7480916030534351 0.32251908396946566 0.6221374045801527 0.3530534351145038
1 0.5553435114503816 0.4026717557251908 0.549618320610687 0.41030534351145037 0.5553435114503816 0.4198473282442748 0.6240458015267175 0.4713740458015267 0.6564885496183206 0.5095419847328244 0.7519083969465649 0.5610687022900763 0.8893129770992366 0.6049618320610687 0.9561068702290076 0.6145038167938931 0.9980916030534351 0.6087786259541985 0.9980916030534351 0.5267175572519084 0.9885496183206107 0.5248091603053435 0.9866412213740458 0.5114503816793893 0.9351145038167938 0.46564885496183206 0.8893129770992366 0.44083969465648853 0.851145038167939 0.4255725190839695 0.7461832061068703 0.4026717557251908 0.5706106870229007 0.3969465648854962
1 0.517175572519084 0.4198473282442748 0.5038167938931297 0.45610687022900764 0.4580152671755725 0.5343511450381679 0.46946564885496184 0.6068702290076335 0.5114503816793893 0.6717557251908397 0.6049618320610687 0.7270992366412213 0.6450381679389313 0.7614503816793893 0.6297709923664122 0.732824427480916 0.6774809160305344 0.6507633587786259 0.6851145038167938 0.6221374045801527 0.6717557251908397 0.5572519083969466 0.648854961832061 0.5095419847328244 0.6049618320610687 0.4599236641221374 0.5419847328244275 0.4179389312977099
1 0.21564885496183206 0.5629770992366412 0.21946564885496184 0.5973282442748091 0.20610687022900764 0.6297709923664122 0.21946564885496184 0.6698473282442748 0.3549618320610687 0.6049618320610687 0.44274809160305345 0.5458015267175572 0.5114503816793893 0.43320610687022904 0.5095419847328244 0.4064885496183206 0.48282442748091603 0.3931297709923664 0.45229007633587787 0.39122137404580154 0.41030534351145037 0.4026717557251908 0.3473282442748092 0.43320610687022904 0.30343511450381677 0.46564885496183206 0.2919847328244275 0.4847328244274809 0.26908396946564883 0.4961832061068702 0.22900763358778625 0.5362595419847328
1 0.0057251908396946565 0.45229007633587787 0 0.4637404580152672 0 0.566793893129771 0.09351145038167939 0.5706106870229007 0.25190839694656486 0.5057251908396947 0.28435114503816794 0.4866412213740458 0.33396946564885494 0.4389312977099237 0.4064885496183206 0.3988549618320611 0.29961832061068705 0.3816793893129771 0.16603053435114504 0.38740458015267176 0.061068702290076333 0.4122137404580153 0.026717557251908396 0.42938931297709926
1 0.6641221374045801 0.5190839694656488 0.6603053435114504 0.5248091603053435 0.6908396946564885 0.6049618320610687 0.7652671755725191 0.648854961832061 0.8187022900763359 0.666030534351145 0.8301526717557252 0.6622137404580153 0.8492366412213741 0.6240458015267175 0.8416030534351145 0.5973282442748091
0 0.3244274809160305 0.6221374045801527 0.31679389312977096 0.6297709923664122 0.3187022900763359 0.6526717557251909 0.366412213740458 0.7156488549618321 0.37404580152671757 0.7137404580152672 0.38549618320610685 0.6908396946564885 0.4541984732824427 0.6507633587786259 0.4751908396946565 0.6297709923664122 0.45229007633587787 0.5458015267175572
0 0.0019083969465648854 0.366412213740458 0 0.45038167938931295 0.05152671755725191 0.41412213740458015 0.16603053435114504 0.383587786259542 0.12404580152671756 0.366412213740458
0 0.700381679389313 0.03625954198473282 0.6946564885496184 0.06679389312977099 0.7022900763358778 0.08015267175572519 0.7614503816793893 0.12595419847328243 0.8110687022900763 0.10114503816793893 0.8396946564885496 0.06870229007633588 0.8396946564885496 0.05725190839694656 0.7919847328244275 0 0.7232824427480916 0
0 0.6354961832061069 0.12022900763358779 0.6335877862595419 0.15076335877862596 0.6469465648854962 0.1736641221374046 0.7404580152671756 0.13549618320610687 0.7404580152671756 0.11641221374045801 0.6870229007633588 0.06679389312977099 0.6507633587786259 0.0916030534351145