1 0.003816793893129771 0.6965648854961832 0 0.9026717557251909 0.007633587786259542 0.9064885496183206 0.11068702290076336 0.8664122137404581 0.20038167938931298 0.8206106870229007 0.33396946564885494 0.7156488549618321 0.3931297709923664 0.6374045801526718 0.40076335877862596 0.5458015267175572 0.2958015267175573 0.5553435114503816 0.1736641221374046 0.5896946564885496 0.08015267175572519 0.6354961832061069
1 0.13740458015267176 0.4770992366412214 0.12022900763358779 0.5553435114503816 0.08206106870229007 0.5801526717557252 0.12786259541984732 0.566793893129771 0.16793893129770993 0.5706106870229007 0.20801526717557253 0.5553435114503816 0.23282442748091603 0.5553435114503816 0.2824427480916031 0.5324427480916031 0.4599236641221374 0.42748091603053434 0.4866412213740458 0.3816793893129771 0.5114503816793893 0.3606870229007634 0.48282442748091603 0.34923664122137404 0.41030534351145037 0.3511450381679389 0.23473282442748092 0.3931297709923664 0.1984732824427481 0.41030534351145037
1 0.40458015267175573 0.5610687022900763 0.40076335877862596 0.6259541984732825 0.5515267175572519 0.6259541984732825 0.5610687022900763 0.6202290076335878 0.5687022900763359 0.5954198473282443 0.5534351145038168 0.5419847328244275 0.5324427480916031 0.3549618320610687 0.5190839694656488 0.3568702290076336 0.48854961832061067 0.383587786259542 0.42748091603053434 0.4847328244274809
1 0.003816793893129771 0.3549618320610687 0 0.366412213740458 0.19274809160305342 0.3606870229007634 0.3110687022900763 0.3683206106870229 0.42938931297709926 0.3435114503816794 0.4389312977099237 0.3473282442748092 0.4083969465648855 0.32633587786259544 0.3416030534351145 0.30916030534351147 0.3187022900763359 0.2958015267175573 0.2881679389312977 0.29389312977099236 0.19083969465648856 0.29770992366412213 0.11641221374045801 0.3110687022900763
1 0.3282442748091603 0.2786259541984733 0.3244274809160305 0.2919847328244275 0.3320610687022901 0.3015267175572519 0.40076335877862596 0.32061068702290074 0.45038167938931295 0.34541984732824427 0.4618320610687023 0.3416030534351145 0.4484732824427481 0.31679389312977096 0.45229007633587787 0.3015267175572519 0.4713740458015267 0.2958015267175573 0.517175572519084 0.3301526717557252 0.5267175572519084 0.32251908396946566 0.5190839694656488 0.2748091603053435 0.46946564885496184 0.21755725190839695 0.44656488549618323 0.21946564885496184 0.41030534351145037 0.24618320610687022 0.3511450381679389 0.2633587786259542
1 0.5553435114503816 0.33396946564885494 0.5553435114503816 0.34541984732824427 0.583969465648855 0.3530534351145038 0.6335877862595419 0.3530534351145038 0.6965648854961832 0.37213740458015265 0.8110687022900763 0.4389312977099237 0.8530534351145038 0.48854961832061067 0.8549618320610687 0.5076335877862596 0.8358778625954199 0.5438931297709924 0.8053435114503816 0.5591603053435115 0.833969465648855 0.5553435114503816 0.851145038167939 0.5629770992366412 0.8587786259541985 0.5572519083969466 0.8702290076335878 0.4732824427480916 0.8645038167938931 0.4312977099236641 0.8435114503816794 0.3893129770992366 0.8129770992366412 0.3549618320610687 0.7633587786259542 0.32633587786259544 0.6946564885496184 0.30916030534351147 0.6431297709923665 0.3110687022900763
1 0.4904580152671756 0.21755725190839695 0.4904580152671756 0.23473282442748092 0.5209923664122137 0.2729007633587786 0.5305343511450382 0.29961832061068705 0.5286259541984732 0.3435114503816794 0.601145038167939 0.31297709923664124 0.6412213740458015 0.2633587786259542 0.6965648854961832 0.22328244274809161 0.6354961832061069 0.22328244274809161 0.5801526717557252 0.19274809160305342 0.5095419847328244 0.1984732824427481
1 0.5477099236641222 0.4389312977099237 0.5458015267175572 0.46564885496183206 0.5648854961832062 0.5553435114503816 0.7480916030534351 0.8282442748091603 0.8416030534351145 0.9942748091603053 0.9732824427480916 0.9980916030534351 0.9751908396946565 0.9847328244274809 0.9007633587786259 0.7633587786259542 0.8625954198473282 0.6889312977099237 0.8034351145038168 0.6316793893129771 0.7919847328244275 0.5973282442748091 0.7251908396946565 0.5209923664122137 0.6545801526717557 0.4675572519083969 0.6164122137404581 0.4484732824427481 0.5572519083969466 0.4351145038167939
1 0.12595419847328243 0.23473282442748092 0.12213740458015267 0.26145038167938933 0.16984732824427481 0.29770992366412213 0.32061068702290074 0.29389312977099236 0.3320610687022901 0.27099236641221375 0.36450381679389315 0.25763358778625955 0.32633587786259544 0.2366412213740458 0.25190839694656486 0.22328244274809161 0.22519083969465647 0.22328244274809161 0.18893129770992367 0.2366412213740458
1 0.4179389312977099 0.8625954198473282 0.4179389312977099 0.9351145038167938 0.4312977099236641 0.9904580152671756 0.4389312977099237 0.9980916030534351 0.7557251908396947 0.9980916030534351 0.7595419847328244 0.9923664122137404 0.7614503816793893 0.9408396946564885 0.7519083969465649 0.916030534351145 0.7404580152671756 0.8263358778625954 0.5896946564885496 0.5973282442748091 0.5782442748091603 0.5973282442748091 0.5648854961832062 0.6221374045801527 0.5133587786259542 0.6316793893129771 0.49427480916030536 0.6526717557251909 0.45038167938931295 0.732824427480916
0 0.7538167938931297 0.5400763358778626 0.7538167938931297 0.5515267175572519 0.7938931297709924 0.5954198473282443 0.816793893129771 0.6431297709923665 0.8396946564885496 0.6412213740458015 0.9236641221374046 0.6622137404580153 0.9980916030534351 0.666030534351145 0.9980916030534351 0.6106870229007634 0.9312977099236641 0.5648854961832062 0.8740458015267175 0.5477099236641222 0.8645038167938931 0.5534351145038168 0.8187022900763359 0.5362595419847328
0 0.009541984732824428 0.9809160305343512 0.007633587786259542 0.9980916030534351 0.22328244274809161 0.9980916030534351 0.29770992366412213 0.9293893129770993 0.3606870229007634 0.8492366412213741 0.4198473282442748 0.7366412213740458 0.4446564885496183 0.6564885496183206 0.4255725190839695 0.6469465648854962 0.3931297709923664 0.648854961832061 0.29961832061068705 0.7519083969465649 0.20801526717557253 0.8206106870229007 0.05152671755725191 0.8931297709923665 0.022900763358778626 0.9389312977099237
0 0.03816793893129771 0.5324427480916031 0 0.5419847328244275 0 0.6679389312977099 0.04580152671755725 0.6603053435114504 0.0916030534351145 0.6259541984732825 0.20038167938931298 0.5763358778625954 0.35877862595419846 0.5419847328244275 0.3301526717557252 0.5286259541984732 0.29961832061068705 0.5267175572519084 0.23282442748091603 0.5591603053435115 0.20229007633587787 0.5591603053435115 0.1717557251908397 0.5744274809160306 0.1431297709923664 0.5744274809160306 0.1183206106870229 0.5725190839694656 0.10687022900763359 0.5553435114503816 0.12022900763358779 0.5400763358778626 0.12213740458015267 0.5209923664122137
0 0.683206106870229 0.48091603053435117 0.6870229007633588 0.4904580152671756 0.7480916030534351 0.5362595419847328 0.833969465648855 0.5381679389312977 0.8473282442748091 0.5095419847328244 0.8358778625954199 0.49809160305343514 0.7652671755725191 0.4751908396946565 0.7099236641221374 0.4732824427480916