1 0.21564885496183206 0.5629770992366412 0.21946564885496184 0.5877862595419847 0.20610687022900764 0.6297709923664122 0.22137404580152673 0.6641221374045801 0.3549618320610687 0.6049618320610687 0.4217557251908397 0.5629770992366412 0.45610687022900764 0.5324427480916031 0.5114503816793893 0.4312977099236641 0.5095419847328244 0.4064885496183206 0.4770992366412214 0.39122137404580154 0.45229007633587787 0.39122137404580154 0.3473282442748092 0.43320610687022904 0.2633587786259542 0.5019083969465649 0.23091603053435114 0.5343511450381679
1 0.019083969465648856 0.13549618320610687 0.04770992366412214 0.24618320610687022 0.1316793893129771 0.3015267175572519 0.26908396946564883 0.34923664122137404 0.43702290076335876 0.3797709923664122 0.4732824427480916 0.3797709923664122 0.4770992366412214 0.37213740458015265 0.46946564885496184 0.36259541984732824 0.3683206106870229 0.2767175572519084 0.3301526717557252 0.21564885496183206 0.17557251908396945 0.16603053435114504 0.06870229007633588 0.16030534351145037
1 0.3435114503816794 0.15076335877862596 0.33396946564885494 0.2099236641221374 0.3511450381679389 0.25 0.37595419847328243 0.2824427480916031 0.44274809160305345 0.3435114503816794 0.4866412213740458 0.3702290076335878 0.5114503816793893 0.37213740458015265 0.5324427480916031 0.3377862595419847 0.5438931297709924 0.29389312977099236 0.5438931297709924 0.23091603053435114 0.5190839694656488 0.1946564885496183 0.4599236641221374 0.15267175572519084 0.37213740458015265 0.12595419847328243 0.3606870229007634 0.12595419847328243
1 0.0057251908396946565 0.45229007633587787 0 0.4637404580152672 0.003816793893129771 0.566793893129771 0.0916030534351145 0.5706106870229007 0.25763358778625955 0.5019083969465649 0.33587786259541985 0.43702290076335876 0.4064885496183206 0.3988549618320611 0.2786259541984733 0.3797709923664122 0.16793893129770993 0.38740458015267176 0.061068702290076333 0.4122137404580153 0.026717557251908396 0.42938931297709926
1 0.5477099236641222 0.29389312977099236 0.5458015267175572 0.3187022900763359 0.5286259541984732 0.3549618320610687 0.5305343511450382 0.3683206106870229 0.5400763358778626 0.37404580152671757 0.566793893129771 0.3816793893129771 0.5687022900763359 0.37404580152671757 0.5877862595419847 0.37213740458015265 0.6793893129770993 0.3320610687022901 0.8034351145038168 0.25763358778625955 0.8492366412213741 0.21564885496183206 0.8759541984732825 0.11068702290076336 0.8377862595419847 0.12786259541984732 0.7614503816793893 0.13740458015267176 0.6679389312977099 0.16793893129770993 0.5935114503816794 0.22519083969465647
1 0.5706106870229007 0.37404580152671757 0.5648854961832062 0.38740458015267176 0.6183206106870229 0.3988549618320611 0.799618320610687 0.3988549618320611 0.8625954198473282 0.38549618320610685 0.8759541984732825 0.3301526717557252 0.8110687022900763 0.31679389312977096 0.7480916030534351 0.32251908396946566 0.6202290076335878 0.3530534351145038
1 0.5687022900763359 0.40458015267175573 0.5572519083969466 0.4198473282442748 0.6297709923664122 0.4770992366412214 0.6679389312977099 0.5190839694656488 0.7175572519083969 0.5458015267175572 0.8587786259541985 0.5973282442748091 0.9351145038167938 0.6125954198473282 0.9980916030534351 0.6087786259541985 0.9980916030534351 0.5267175572519084 0.9179389312977099 0.45610687022900764 0.8492366412213741 0.4255725190839695 0.7595419847328244 0.4064885496183206
1 0.5190839694656488 0.4179389312977099 0.4904580152671756 0.4904580152671756 0.4580152671755725 0.5343511450381679 0.46946564885496184 0.6068702290076335 0.5133587786259542 0.6736641221374046 0.6049618320610687 0.7270992366412213 0.6450381679389313 0.7614503816793893 0.6259541984732825 0.7175572519083969 0.6450381679389313 0.7022900763358778 0.6774809160305344 0.6507633587786259 0.6851145038167938 0.6183206106870229 0.6622137404580153 0.5343511450381679 0.648854961832061 0.5076335877862596 0.5877862595419847 0.4446564885496183 0.5419847328244275 0.4179389312977099
1 0.6641221374045801 0.5209923664122137 0.6889312977099237 0.6030534351145038 0.7652671755725191 0.648854961832061 0.8187022900763359 0.666030534351145 0.8301526717557252 0.6622137404580153 0.8492366412213741 0.6259541984732825 0.8396946564885496 0.5954198473282443
0 0.3244274809160305 0.6221374045801527 0.31679389312977096 0.6297709923664122 0.3187022900763359 0.6526717557251909 0.3702290076335878 0.7175572519083969 0.3893129770992366 0.6889312977099237 0.4541984732824427 0.6507633587786259 0.4732824427480916 0.6297709923664122 0.4541984732824427 0.5477099236641222 0.43702290076335876 0.5515267175572519
0 0.019083969465648856 0.36450381679389315 0 0.366412213740458 0 0.45229007633587787 0.05152671755725191 0.41412213740458015 0.16412213740458015 0.383587786259542 0.11259541984732824 0.36450381679389315
0 0.02862595419847328 0.009541984732824428 0 0.009541984732824428 0 0.04580152671755725 0.12022900763358779 0.05152671755725191 0.2538167938931298 0.07251908396946564 0.1946564885496183 0.03816793893129771 0.07633587786259542 0.011450381679389313
0 0.20229007633587787 0.15458015267175573 0.18893129770992367 0.16412213740458015 0.2366412213740458 0.17748091603053434 0.3282442748091603 0.1851145038167939 0.3473282442748092 0.1316793893129771
0 0.4484732824427481 0.13740458015267176 0.4446564885496183 0.1431297709923664 0.4599236641221374 0.1431297709923664 0.5209923664122137 0.19274809160305342 0.5477099236641222 0.24427480916030533 0.549618320610687 0.28053435114503816 0.5782442748091603 0.24236641221374045 0.566793893129771 0.1984732824427481 0.5076335877862596 0.13549618320610687
0 0.12022900763358779 0.35877862595419846 0.1183206106870229 0.36450381679389315 0.17938931297709923 0.383587786259542 0.2716278625954198 0.37786259541984735 0.4122137404580153 0.3931297709923664 0.42366412213740456 0.38549618320610685 0.23282442748091603 0.3416030534351145
0 0.6354961832061069 0.12022900763358779 0.6316793893129771 0.1450381679389313 0.6469465648854962 0.17557251908396945 0.7385496183206107 0.13931297709923665 0.7423664122137404 0.12786259541984732 0.7404580152671756 0.11641221374045801 0.6870229007633588 0.06679389312977099 0.6545801526717557 0.08587786259541985
0 0.6946564885496184 0.04580152671755725 0.6927480916030534 0.061068702290076333 0.7061068702290076 0.08587786259541985 0.7595419847328244 0.12404580152671756 0.816793893129771 0.09732824427480916 0.8396946564885496 0.06870229007633588 0.8396946564885496 0.05725190839694656 0.7919847328244275 0 0.7232824427480916 0
0 0.5648854961832062 0 0.5763358778625954 0.06679389312977099 0.5973282442748091 0.08015267175572519 0.6316793893129771 0.06870229007633588 0.7022900763358778 0
0 0.9637404580152672 0 0.7958015267175572 0 0.8435114503816794 0.05343511450381679 0.8759541984732825 0.05916030534351145 0.8931297709923665 0.05916030534351145 0.9541984732824428 0.02480916030534351 0.9637404580152672 0.015267175572519083