1 0.37404580152671757 0.7270992366412213 0.3702290076335878 0.8072519083969466 0.3893129770992366 0.8683206106870229 0.42938931297709926 0.9312977099236641 0.4580152671755725 0.9580152671755725 0.5133587786259542 0.982824427480916 0.5286259541984732 0.9675572519083969 0.5687022900763359 0.8893129770992366 0.5744274809160306 0.8492366412213741 0.6297709923664122 0.7309160305343512 0.6316793893129771 0.7118320610687023 0.6335877862595419 0.6812977099236641 0.601145038167939 0.49236641221374045 0.5973282442748091 0.4312977099236641 0.5801526717557252 0.36450381679389315 0.5744274809160306 0.3053435114503817 0.5591603053435115 0.26908396946564883 0.5267175572519084 0.2786259541984733 0.5 0.30725190839694655 0.4312977099236641 0.44083969465648853 0.40458015267175573 0.5248091603053435 0.3816793893129771 0.6335877862595419
1 0.03244274809160305 0.8874045801526718 0.030534351145038167 0.9847328244274809 0.03244274809160305 0.9980916030534351 0.03816793893129771 0.9980916030534351 0.1717557251908397 0.916030534351145 0.24045801526717558 0.8454198473282443 0.3148854961832061 0.7843511450381679 0.37404580152671757 0.6851145038167938 0.3950381679389313 0.5515267175572519 0.42938931297709926 0.4312977099236641 0.30343511450381677 0.4866412213740458 0.23091603053435114 0.5381679389312977 0.16793893129770993 0.601145038167939 0.10877862595419847 0.6736641221374046 0.06679389312977099 0.7480916030534351
1 0.6526717557251909 0.41603053435114506 0.6374045801526718 0.4389312977099237 0.6622137404580153 0.5019083969465649 0.7538167938931297 0.6469465648854962 0.8568702290076335 0.7576335877862596 0.9427480916030534 0.8091603053435115 0.9980916030534351 0.8263358778625954 0.9980916030534351 0.5935114503816794 0.9732824427480916 0.5706106870229007 0.9465648854961832 0.5591603053435115 0.9103053435114504 0.5152671755725191 0.7900763358778626 0.4446564885496183 0.7118320610687023 0.4122137404580153 0.6793893129770993 0.4083969465648855
1 0.5763358778625954 0.2729007633587786 0.5954198473282443 0.3893129770992366 0.6030534351145038 0.40076335877862596 0.6164122137404581 0.4026717557251908 0.6851145038167938 0.3568702290076336 0.916030534351145 0.12022900763358779 0.9274809160305344 0.09732824427480916 0.9980916030534351 0.02862595419847328 0.9980916030534351 0.007633587786259542 0.8702290076335878 0.03816793893129771 0.8263358778625954 0.05534351145038168 0.6870229007633588 0.14694656488549618 0.6164122137404581 0.21755725190839695
1 0.21183206106870228 0.2652671755725191 0.21755725190839695 0.2767175572519084 0.2538167938931298 0.28435114503816794 0.3549618320610687 0.26145038167938933 0.4599236641221374 0.2767175572519084 0.5038167938931297 0.2919847328244275 0.5305343511450382 0.27099236641221375 0.5305343511450382 0.26145038167938933 0.5095419847328244 0.2366412213740458 0.45229007633587787 0.18702290076335878 0.3816793893129771 0.16603053435114504 0.32251908396946566 0.17557251908396945 0.22900763358778625 0.24427480916030533
0 0.02862595419847328 0.28435114503816794 0.003816793893129771 0.2919847328244275 0.02480916030534351 0.3244274809160305 0.11450381679389313 0.41412213740458015 0.15648854961832062 0.4446564885496183 0.1984732824427481 0.4637404580152672 0.2958015267175573 0.4847328244274809 0.43320610687022904 0.4217557251908397 0.4389312977099237 0.41030534351145037 0.42748091603053434 0.3893129770992366 0.37404580152671757 0.34923664122137404 0.27099236641221375 0.2919847328244275 0.16603053435114504 0.26908396946564883
0 0.013358778625954198 0.6564885496183206 0.011450381679389313 0.6641221374045801 0.08969465648854962 0.6965648854961832 0.21946564885496184 0.5419847328244275 0.15076335877862596 0.5591603053435115
0 0.75 0.4083969465648855 0.7423664122137404 0.4198473282442748 0.8549618320610687 0.4751908396946565 0.9045801526717557 0.5076335877862596 0.9484732824427481 0.5534351145038168 0.9980916030534351 0.5763358778625954 0.9980916030534351 0.3702290076335878 0.8377862595419847 0.37595419847328243
0 0.6183206106870229 0.5477099236641222 0.6278625954198473 0.6412213740458015 0.6374045801526718 0.6698473282442748 0.6354961832061069 0.7366412213740458 0.6526717557251909 0.7748091603053435 0.7652671755725191 0.8854961832061069 0.7843511450381679 0.8874045801526718 0.799618320610687 0.8797709923664122 0.7958015267175572 0.8683206106870229 0.8034351145038168 0.8568702290076335 0.8091603053435115 0.8015267175572519 0.799618320610687 0.7423664122137404 0.7805343511450382 0.6851145038167938 0.7041984732824428 0.5896946564885496 0.6545801526717557 0.5534351145038168
0 0.6545801526717557 0.7862595419847328 0.6564885496183206 0.816793893129771 0.6736641221374046 0.8606870229007634 0.7118320610687023 0.9179389312977099 0.7729007633587787 0.9713740458015268 0.8244274809160306 0.9980916030534351 0.8435114503816794 0.9980916030534351 0.8377862595419847 0.8893129770992366 0.8187022900763359 0.8263358778625954 0.8129770992366412 0.8206106870229007 0.8015267175572519 0.8950381679389313 0.7805343511450382 0.898854961832061 0.7251908396946565 0.8549618320610687 0.6603053435114504 0.7805343511450382
0 0.6221374045801527 0.7461832061068703 0.5896946564885496 0.8148854961832062 0.5725190839694656 0.8874045801526718 0.5324427480916031 0.9675572519083969 0.4904580152671756 0.9732824427480916 0.5 0.9980916030534351 0.6125954198473282 0.9980916030534351 0.6316793893129771 0.9675572519083969 0.6545801526717557 0.898854961832061 0.6545801526717557 0.8282442748091603 0.6335877862595419 0.7519083969465649 0.6278625954198473 0.7423664122137404