1 0.31297709923664124 0.45610687022900764 0.3015267175572519 0.5209923664122137 0.3053435114503817 0.5763358778625954 0.33969465648854963 0.6240458015267175 0.3969465648854962 0.6698473282442748 0.4618320610687023 0.6851145038167938 0.5038167938931297 0.6717557251908397 0.6354961832061069 0.5725190839694656 0.6507633587786259 0.5438931297709924 0.6507633587786259 0.5286259541984732 0.6106870229007634 0.4541984732824427 0.5954198473282443 0.3893129770992366 0.5801526717557252 0.3606870229007634 0.5286259541984732 0.2824427480916031 0.4961832061068702 0.26145038167938933 0.42366412213740456 0.26717557251908397 0.38740458015267176 0.29770992366412213 0.36259541984732824 0.33587786259541985
1 0.5267175572519084 0.24045801526717558 0.5286259541984732 0.27099236641221375 0.601145038167939 0.39122137404580154 0.6049618320610687 0.42748091603053434 0.6374045801526718 0.4732824427480916 0.6469465648854962 0.517175572519084 0.6984732824427481 0.5553435114503816 0.7977099236641222 0.5858778625954199 0.8683206106870229 0.583969465648855 0.9026717557251909 0.5687022900763359 0.982824427480916 0.5095419847328244 0.9885496183206107 0.4866412213740458 0.982824427480916 0.4618320610687023 0.9694656488549618 0.4446564885496183 0.898854961832061 0.37786259541984735 0.7919847328244275 0.30725190839694655 0.6717557251908397 0.2595419847328244 0.6583969465648855 0.2480916030534351 0.5763358778625954 0.22328244274809161 0.5534351145038168 0.22328244274809161
1 0.04580152671755725 0.40076335877862596 0.04007633587786259 0.4122137404580153 0.08778625954198473 0.4637404580152672 0.11259541984732824 0.5209923664122137 0.12595419847328243 0.5286259541984732 0.1717557251908397 0.5267175572519084 0.26145038167938933 0.49427480916030536 0.30916030534351147 0.45610687022900764 0.34923664122137404 0.34541984732824427 0.383587786259542 0.29770992366412213 0.40076335877862596 0.24236641221374045 0.3377862595419847 0.23282442748091603 0.17748091603053434 0.27099236641221375
1 0.09541984732824428 0.5591603053435115 0.0916030534351145 0.5801526717557252 0.10305343511450382 0.5877862595419847 0.12404580152671756 0.5763358778625954 0.16030534351145037 0.583969465648855 0.1965648854961832 0.566793893129771 0.22900763358778625 0.566793893129771 0.25572519083969464 0.5438931297709924 0.2958015267175573 0.5267175572519084 0.3053435114503817 0.4732824427480916 0.22900763358778625 0.5038167938931297 0.21374045801526717 0.517175572519084 0.13740458015267176 0.5324427480916031 0.12595419847328243 0.5324427480916031 0.11259541984732824 0.5209923664122137
1 0.2099236641221374 0.5877862595419847 0.21183206106870228 0.6145038167938931 0.2633587786259542 0.5992366412213741 0.2958015267175573 0.5763358778625954 0.2958015267175573 0.5381679389312977 0.26717557251908397 0.5381679389312977 0.21564885496183206 0.5744274809160306
1 0.21946564885496184 0.6851145038167938 0.21755725190839695 0.6965648854961832 0.22900763358778625 0.7061068702290076 0.2824427480916031 0.7309160305343512 0.3320610687022901 0.7118320610687023 0.3988549618320611 0.7385496183206107 0.4312977099236641 0.732824427480916 0.4312977099236641 0.7194656488549618 0.4217557251908397 0.7080152671755725 0.3950381679389313 0.7041984732824428 0.38549618320610685 0.6889312977099237 0.36450381679389315 0.6774809160305344 0.3568702290076336 0.6469465648854962 0.34541984732824427 0.6412213740458015 0.29770992366412213 0.6431297709923665 0.2729007633587786 0.6641221374045801 0.2538167938931298 0.6622137404580153 0.22709923664122136 0.6717557251908397
1 0.48091603053435117 0.6812977099236641 0.4770992366412214 0.6889312977099237 0.48282442748091603 0.6946564885496184 0.5992366412213741 0.6946564885496184 0.6774809160305344 0.7041984732824428 0.6908396946564885 0.6965648854961832 0.7137404580152672 0.6526717557251909 0.7748091603053435 0.5877862595419847 0.6564885496183206 0.5419847328244275 0.648854961832061 0.5591603053435115 0.5877862595419847 0.6164122137404581 0.5343511450381679 0.6564885496183206
1 0.4389312977099237 0.7022900763358778 0.43320610687022904 0.7080152671755725 0.43702290076335876 0.7270992366412213 0.4580152671755725 0.7690839694656488 0.5057251908396947 0.816793893129771 0.5 0.8301526717557252 0.566793893129771 0.8034351145038168 0.6221374045801527 0.7958015267175572 0.6393129770992366 0.7843511450381679 0.6278625954198473 0.7652671755725191 0.5896946564885496 0.7538167938931297 0.5801526717557252 0.7442748091603053 0.5973282442748091 0.7080152671755725 0.5935114503816794 0.6984732824427481
1 0.19083969465648856 0.24427480916030533 0.1851145038167939 0.26145038167938933 0.20801526717557253 0.2729007633587786 0.26908396946564883 0.25572519083969464 0.2862595419847328 0.24236641221374045 0.3110687022900763 0.24427480916030533 0.33396946564885494 0.23282442748091603 0.3893129770992366 0.2366412213740458 0.41603053435114506 0.2480916030534351 0.4179389312977099 0.26145038167938933 0.4312977099236641 0.26145038167938933 0.4770992366412214 0.2480916030534351 0.5057251908396947 0.22328244274809161 0.5095419847328244 0.1965648854961832 0.4904580152671756 0.1736641221374046 0.4446564885496183 0.1851145038167939 0.37213740458015265 0.1851145038167939 0.32251908396946566 0.21183206106870228 0.24045801526717558 0.22328244274809161
1 0.5591603053435115 0.21564885496183206 0.5553435114503816 0.22328244274809161 0.5629770992366412 0.22709923664122136 0.6641221374045801 0.25 0.7919847328244275 0.3053435114503817 0.851145038167939 0.34541984732824427 0.8645038167938931 0.3435114503816794 0.8645038167938931 0.3301526717557252 0.8473282442748091 0.31297709923664124 0.8110687022900763 0.2958015267175573 0.7881679389312977 0.24618320610687022 0.6984732824427481 0.20229007633587787 0.5954198473282443 0.19083969465648856 0.5687022900763359 0.20229007633587787
1 0.7213740458015268 0.9561068702290076 0.7213740458015268 0.9980916030534351 0.8721374045801527 0.9980916030534351 0.8854961832061069 0.9541984732824428 0.8778625954198473 0.9351145038167938 0.8797709923664122 0.9103053435114504 0.8377862595419847 0.8969465648854962 0.7824427480916031 0.9064885496183206 0.7557251908396947 0.916030534351145
1 0.5114503816793893 0.9522900763358778 0.5362595419847328 0.9980916030534351 0.7099236641221374 0.9980916030534351 0.7137404580152672 0.9885496183206107 0.7118320610687023 0.9675572519083969 0.6889312977099237 0.933206106870229 0.6087786259541985 0.9083969465648855 0.5591603053435115 0.9083969465648855 0.5419847328244275 0.9312977099236641
1 0.0057251908396946565 0.583969465648855 0 0.5858778625954199 0 0.6679389312977099 0.09732824427480916 0.6240458015267175 0.11259541984732824 0.6087786259541985 0.11259541984732824 0.601145038167939 0.09732824427480916 0.5954198473282443 0.08206106870229007 0.5725190839694656
1 0.5858778625954199 0.7347328244274809 0.5858778625954199 0.7480916030534351 0.6335877862595419 0.7690839694656488 0.6354961832061069 0.799618320610687 0.6927480916030534 0.8320610687022901 0.7080152671755725 0.8377862595419847 0.7251908396946565 0.833969465648855 0.7022900763358778 0.7958015267175572 0.7061068702290076 0.7786259541984732 0.700381679389313 0.7633587786259542 0.6545801526717557 0.7118320610687023 0.601145038167939 0.7080152671755725
0 0.6927480916030534 0.6965648854961832 0.6927480916030534 0.7061068702290076 0.7366412213740458 0.7461832061068703 0.7843511450381679 0.7156488549618321 0.7729007633587787 0.6908396946564885 0.7175572519083969 0.6641221374045801 0.7080152671755725 0.6641221374045801
0 0.23091603053435114 0.8969465648854962 0.2366412213740458 0.9427480916030534 0.2480916030534351 0.9599236641221374 0.3110687022900763 0.9847328244274809 0.37404580152671757 0.9923664122137404 0.43320610687022904 0.9885496183206107 0.48854961832061067 0.9656488549618321 0.517175572519084 0.9351145038167938 0.5209923664122137 0.9179389312977099 0.5076335877862596 0.8645038167938931 0.44083969465648853 0.767175572519084 0.4179389312977099 0.7442748091603053 0.34923664122137404 0.7270992366412213 0.3320610687022901 0.7347328244274809 0.2767175572519084 0.799618320610687 0.24045801526717558 0.8549618320610687
0 0.06297709923664122 0.75 0 0.7843511450381679 0 0.9980916030534351 0.0648854961832061 0.9980916030534351 0.1183206106870229 0.9522900763358778 0.13740458015267176 0.9236641221374046 0.1717557251908397 0.7729007633587787 0.19274809160305342 0.7175572519083969 0.16984732824427481 0.7118320610687023 0.1183206106870229 0.7232824427480916
0 0.03816793893129771 0.6698473282442748 0 0.6793893129770993 0 0.7748091603053435 0.1316793893129771 0.6965648854961832 0.13740458015267176 0.6851145038167938 0.10114503816793893 0.666030534351145
1 0.8759541984732825 0.9045801526717557 0.8835877862595419 0.9312977099236641 0.8759541984732825 0.9980916030534351 0.9522900763358778 0.9980916030534351 0.9541984732824428 0.9885496183206107 0.9064885496183206 0.9274809160305344 0.9007633587786259 0.898854961832061 0.8816793893129771 0.8931297709923665