1 0.21183206106870228 0.41603053435114506 0.2099236641221374 0.5782442748091603 0.23473282442748092 0.6221374045801527 0.29389312977099236 0.6622137404580153 0.36259541984732824 0.6889312977099237 0.43320610687022904 0.6927480916030534 0.4713740458015267 0.6793893129770993 0.5 0.6145038167938931 0.5038167938931297 0.5877862595419847 0.48282442748091603 0.5286259541984732 0.44274809160305345 0.4751908396946565 0.3702290076335878 0.42366412213740456 0.2767175572519084 0.38740458015267176 0.25572519083969464 0.3702290076335878 0.23091603053435114 0.3282442748091603 0.22328244274809161 0.33396946564885494 0.23091603053435114 0.3597328244274809
1 0.4389312977099237 0.45038167938931295 0.4312977099236641 0.4637404580152672 0.4484732824427481 0.4770992366412214 0.49236641221374045 0.5438931297709924 0.5114503816793893 0.5935114503816794 0.5725190839694656 0.5057251908396947 0.5763358778625954 0.4732824427480916 0.566793893129771 0.4312977099236641 0.5381679389312977 0.39122137404580154
1 0.4847328244274809 0.6603053435114504 0.48091603053435117 0.6870229007633588 0.49236641221374045 0.6984732824427481 0.5343511450381679 0.7022900763358778 0.601145038167939 0.6908396946564885 0.6851145038167938 0.6603053435114504 0.7614503816793893 0.6049618320610687 0.8244274809160306 0.5229007633587787 0.8187022900763359 0.4484732824427481 0.8053435114503816 0.4083969465648855 0.816793893129771 0.3511450381679389 0.7748091603053435 0.40458015267175573 0.6469465648854962 0.4618320610687023 0.5820610687022901 0.5095419847328244 0.5286259541984732 0.5725190839694656
1 0.08587786259541985 0.6583969465648855 0.08206106870229007 0.6698473282442748 0.11450381679389313 0.6927480916030534 0.20038167938931298 0.7213740458015268 0.3377862595419847 0.7404580152671756 0.37404580152671757 0.732824427480916 0.4312977099236641 0.7404580152671756 0.44083969465648853 0.7290076335877863 0.44083969465648853 0.7213740458015268 0.4198473282442748 0.7080152671755725 0.2900763358778626 0.6641221374045801 0.15648854961832062 0.6316793893129771 0.13740458015267176 0.6297709923664122
1 0.003816793893129771 0.75 0 0.816793893129771 0.10687022900763359 0.8244274809160306 0.17748091603053434 0.8206106870229007 0.2881679389312977 0.799618320610687 0.42366412213740456 0.7480916030534351 0.4351145038167939 0.7270992366412213 0.4083969465648855 0.7232824427480916 0.3969465648854962 0.7404580152671756 0.22709923664122136 0.7309160305343512
1 0.4713740458015267 0.7290076335877863 0.4675572519083969 0.7404580152671756 0.48091603053435117 0.7576335877862596 0.47900763358778625 0.7786259541984732 0.4599236641221374 0.816793893129771 0.42938931297709926 0.8435114503816794 0.4255725190839695 0.8568702290076335 0.4312977099236641 0.8625954198473282 0.5362595419847328 0.9141221374045801 0.5706106870229007 0.9064885496183206 0.6469465648854962 0.8721374045801527 0.6507633587786259 0.8377862595419847 0.6145038167938931 0.7938931297709924 0.5038167938931297 0.7290076335877863 0.48282442748091603 0.7232824427480916
1 0.23473282442748092 0.8454198473282443 0.23282442748091603 0.8625954198473282 0.25190839694656486 0.8816793893129771 0.31679389312977096 0.8816793893129771 0.34541984732824427 0.8702290076335878 0.3377862595419847 0.8530534351145038 0.3606870229007634 0.833969465648855 0.3931297709923664 0.8473282442748091 0.43320610687022904 0.8396946564885496 0.4618320610687023 0.8110687022900763 0.47900763358778625 0.7652671755725191 0.45610687022900764 0.7366412213740458 0.44274809160305345 0.75 0.3702290076335878 0.7805343511450382 0.2748091603053435 0.8091603053435115
1 0.5095419847328244 0.7213740458015268 0.5095419847328244 0.7309160305343512 0.5305343511450382 0.7442748091603053 0.6030534351145038 0.7652671755725191 0.7423664122137404 0.7786259541984732 0.7881679389312977 0.7767175572519084 0.8187022900763359 0.7652671755725191 0.8320610687022901 0.7729007633587787 0.9217557251908397 0.7709923664122137 0.9980916030534351 0.7519083969465649 0.9980916030534351 0.6927480916030534 0.9580152671755725 0.683206106870229 0.7576335877862596 0.6812977099236641 0.5286259541984732 0.7118320610687023
1 0.6049618320610687 0.6927480916030534 0.6030534351145038 0.700381679389313 0.6106870229007634 0.6946564885496184 0.6259541984732825 0.6984732824427481 0.8263358778625954 0.6774809160305344 0.8835877862595419 0.6202290076335878 0.8835877862595419 0.6049618320610687 0.833969465648855 0.5896946564885496 0.7824427480916031 0.5973282442748091 0.6984732824427481 0.6583969465648855 0.6507633587786259 0.6812977099236641
0 0.10877862595419847 0.25 0.11450381679389313 0.3282442748091603 0.15267175572519084 0.38549618320610685 0.18893129770992367 0.4179389312977099 0.20610687022900764 0.42366412213740456 0.22709923664122136 0.3530534351145038 0.24618320610687022 0.3416030534351145 0.26145038167938933 0.37213740458015265 0.28053435114503816 0.38549618320610685 0.33969465648854963 0.4026717557251908 0.40076335877862596 0.44083969465648853 0.41603053435114506 0.44274809160305345 0.4217557251908397 0.4026717557251908 0.4064885496183206 0.37595419847328243 0.2900763358778626 0.2633587786259542 0.25190839694656486 0.24427480916030533 0.1450381679389313 0.21183206106870228 0.13549618320610687 0.1946564885496183 0.12786259541984732 0.1965648854961832 0.12595419847328243 0.21946564885496184
0 0.549618320610687 0.38549618320610685 0.5458015267175572 0.4026717557251908 0.5744274809160306 0.4446564885496183 0.5801526717557252 0.5057251908396947 0.7423664122137404 0.40076335877862596 0.767175572519084 0.32633587786259544 0.7538167938931297 0.30343511450381677 0.6603053435114504 0.31679389312977096 0.6125954198473282 0.33587786259541985
0 0.4083969465648855 0.3549618320610687 0.4064885496183206 0.3683206106870229 0.42748091603053434 0.4026717557251908 0.4351145038167939 0.45038167938931295 0.48854961832061067 0.41030534351145037 0.49427480916030536 0.35877862595419846 0.4713740458015267 0.3320610687022901 0.42748091603053434 0.33969465648854963
0 0.061068702290076333 0.5267175572519084 0 0.5267175572519084 0 0.5591603053435115 0.05534351145038168 0.5916030534351145 0.12022900763358779 0.6125954198473282 0.22709923664122136 0.6202290076335878 0.20610687022900764 0.5801526717557252 0.20610687022900764 0.5343511450381679
0 0.10305343511450382 0.4866412213740458 0.1049618320610687 0.5076335877862596 0.1316793893129771 0.5305343511450382 0.20610687022900764 0.5324427480916031 0.2099236641221374 0.5076335877862596 0.20038167938931298 0.4618320610687023 0.16412213740458015 0.4580152671755725 0.15648854961832062 0.48282442748091603