1 0.43320610687022904 0.03625954198473282 0.43320610687022904 0.1431297709923664 0.46564885496183206 0.25572519083969464 0.5229007633587787 0.3530534351145038 0.5801526717557252 0.36259541984732824 0.5935114503816794 0.39122137404580154 0.6030534351145038 0.39122137404580154 0.7576335877862596 0.15648854961832062 0.7767175572519084 0.030534351145038167 0.7748091603053435 0 0.44274809160305345 0
1 0.003816793893129771 0.07251908396946564 0 0.2748091603053435 0.02099236641221374 0.29389312977099236 0.09923664122137404 0.3549618320610687 0.20229007633587787 0.40458015267175573 0.33969465648854963 0.4389312977099237 0.4217557251908397 0.44083969465648853 0.4083969465648855 0.3473282442748092 0.3530534351145038 0.2748091603053435 0.3148854961832061 0.24045801526717558 0.17748091603053434 0.1450381679389313
1 0.183206106870229 0.4198473282442748 0.1297709923664122 0.42366412213740456 0.10114503816793893 0.4122137404580153 0.13549618320610687 0.43702290076335876 0.15458015267175573 0.5133587786259542 0.22328244274809161 0.5820610687022901 0.3416030534351145 0.6221374045801527 0.4064885496183206 0.6335877862595419 0.49809160305343514 0.6374045801526718 0.5305343511450382 0.6259541984732825 0.48282442748091603 0.5591603053435115 0.25763358778625955 0.43702290076335876 0.21564885496183206 0.43320610687022904
1 0.5572519083969466 0.3606870229007634 0.41603053435114506 0.3606870229007634 0.42366412213740456 0.4255725190839695 0.4541984732824427 0.5133587786259542 0.5133587786259542 0.6030534351145038 0.5458015267175572 0.6297709923664122 0.5553435114503816 0.6278625954198473 0.5725190839694656 0.4389312977099237 0.5858778625954199 0.3969465648854962 0.5782442748091603 0.3683206106870229
1 0.5763358778625954 0.4484732824427481 0.5687022900763359 0.5458015267175572 0.5877862595419847 0.5477099236641222 0.6641221374045801 0.5229007633587787 0.7614503816793893 0.4446564885496183 0.8072519083969466 0.3893129770992366 0.8225190839694656 0.3511450381679389 0.8797709923664122 0.2958015267175573 0.916030534351145 0.22328244274809161 0.9217557251908397 0.1717557251908397 0.9541984732824428 0.1049618320610687 0.9866412213740458 0 0.8568702290076335 0 0.7977099236641222 0.10877862595419847 0.6469465648854962 0.3301526717557252
1 0.3187022900763359 0.6202290076335878 0.21323091603053435 0.6278625954198473 0 0.6240458015267175 0 0.6316793893129771 0.1297709923664122 0.6812977099236641 0.29961832061068705 0.6965648854961832 0.3377862595419847 0.6946564885496184 0.4217557251908397 0.6641221374045801 0.4599236641221374 0.6412213740458015
1 0.34541984732824427 0.6946564885496184 0.3606870229007634 0.7175572519083969 0.40458015267175573 0.7290076335877863 0.46564885496183206 0.7652671755725191 0.4904580152671756 0.767175572519084 0.5400763358778626 0.7099236641221374 0.5477099236641222 0.6870229007633588 0.5458015267175572 0.6603053435114504 0.5381679389312977 0.6469465648854962 0.4961832061068702 0.6908396946564885 0.4732824427480916 0.6946564885496184 0.4675572519083969 0.6774809160305344 0.4847328244274809 0.6469465648854962 0.4675572519083969 0.6431297709923665 0.4122137404580153 0.6698473282442748 0.3549618320610687 0.6851145038167938
1 0.5706106870229007 0.6393129770992366 0.5706106870229007 0.648854961832061 0.5877862595419847 0.6583969465648855 0.6793893129770993 0.6755725190839694 0.7595419847328244 0.666030534351145 0.8110687022900763 0.6431297709923665 0.8568702290076335 0.601145038167939 0.8797709923664122 0.5591603053435115 0.8835877862595419 0.45610687022900764 0.8721374045801527 0.42748091603053434 0.8625954198473282 0.42366412213740456 0.8396946564885496 0.4351145038167939 0.8320610687022901 0.42748091603053434 0.8091603053435115 0.42748091603053434 0.8549618320610687 0.4541984732824427 0.8683206106870229 0.48950381679389315 0.8664122137404581 0.5076335877862596 0.816793893129771 0.5534351145038168 0.6946564885496184 0.6202290076335878 0.6431297709923665 0.6335877862595419
1 0.549618320610687 0.6431297709923665 0.549618320610687 0.6927480916030534 0.5076335877862596 0.7595419847328244 0.5209923664122137 0.7862595419847328 0.5973282442748091 0.7958015267175572 0.6450381679389313 0.7614503816793893 0.7099236641221374 0.7614503816793893 0.6564885496183206 0.7213740458015268 0.6145038167938931 0.6698473282442748 0.5782442748091603 0.6583969465648855 0.5648854961832062 0.6393129770992366
1 0.13931297709923665 0.732824427480916 0.13931297709923665 0.7519083969465649 0.15076335877862596 0.7614503816793893 0.21374045801526717 0.7576335877862596 0.24236641221374045 0.7690839694656488 0.26908396946564883 0.7690839694656488 0.3473282442748092 0.7538167938931297 0.3893129770992366 0.7309160305343512 0.35877862595419846 0.7194656488549618 0.3377862595419847 0.6965648854961832 0.25763358778625955 0.6908396946564885 0.19274809160305342 0.6927480916030534
1 0.5877862595419847 0.5782442748091603 0.5916030534351145 0.5973282442748091 0.5820610687022901 0.6221374045801527 0.5973282442748091 0.6354961832061069 0.6431297709923665 0.6316793893129771 0.7022900763358778 0.6125954198473282 0.6049618320610687 0.566793893129771
0 0.24427480916030533 0 0.019083969465648856 0 0.019083969465648856 0.011450381679389313 0.03435114503816794 0.05534351145038168 0.05725190839694656 0.08778625954198473 0.16412213740458015 0.13358778625954199 0.22709923664122136 0.16984732824427481 0.3416030534351145 0.26145038167938933 0.4122137404580153 0.3435114503816794 0.44274809160305345 0.34541984732824427 0.46946564885496184 0.3377862595419847 0.4732824427480916 0.33396946564885494 0.45038167938931295 0.3015267175572519 0.4198473282442748 0.22137404580152673 0.37786259541984735 0.14694656488549618 0.30916030534351147 0.05916030534351145
0 0.3893129770992366 0.03816793893129771 0.366412213740458 0.12786259541984732 0.4179389312977099 0.21564885496183206 0.4618320610687023 0.3301526717557252 0.4770992366412214 0.3377862595419847 0.4904580152671756 0.3110687022900763 0.4389312977099237 0.183206106870229 0.4255725190839695 0.09923664122137404 0.4026717557251908 0.07633587786259542 0.3950381679389313 0.03625954198473282
0 0.009541984732824428 0.32061068702290074 0 0.32061068702290074 0.0019083969465648854 0.44656488549618323 0.13931297709923665 0.4732824427480916 0.12786259541984732 0.43702290076335876 0.15458015267175573 0.4179389312977099 0.18129770992366412 0.41603053435114506 0.21755725190839695 0.4312977099236641 0.25763358778625955 0.43320610687022904 0.32633587786259544 0.46564885496183206 0.3683206106870229 0.45038167938931295 0.20038167938931298 0.4064885496183206 0.11068702290076336 0.36450381679389315 0.061068702290076333 0.3301526717557252
0 0.8244274809160306 0.3511450381679389 0.8091603053435115 0.39122137404580154 0.7900763358778626 0.4198473282442748 0.7729007633587787 0.4312977099236641 0.7652671755725191 0.45038167938931295 0.8301526717557252 0.45229007633587787 0.8587786259541985 0.4198473282442748 0.8740458015267175 0.42366412213740456 0.8854961832061069 0.44083969465648853 0.9312977099236641 0.42938931297709926 0.9980916030534351 0.3816793893129771 0.9980916030534351 0.32633587786259544 0.9217557251908397 0.32633587786259544 0.8645038167938931 0.3416030534351145 0.833969465648855 0.3416030534351145