1 0.383587786259542 0.4351145038167939 0.3816793893129771 0.48282442748091603 0.4389312977099237 0.7041984732824428 0.4599236641221374 0.8416030534351145 0.4732824427480916 0.8874045801526718 0.5038167938931297 0.916030534351145 0.5095419847328244 0.9408396946564885 0.5038167938931297 0.9484732824427481 0.5038167938931297 0.9942748091603053 0.5152671755725191 0.9980916030534351 0.5229007633587787 0.9942748091603053 0.5286259541984732 0.9236641221374046 0.566793893129771 0.8797709923664122 0.5877862595419847 0.8320610687022901 0.6164122137404581 0.7213740458015268 0.6679389312977099 0.5687022900763359 0.6736641221374046 0.49427480916030536 0.6526717557251909 0.4255725190839695 0.6374045801526718 0.3988549618320611 0.6106870229007634 0.37595419847328243 0.566793893129771 0.3606870229007634 0.46564885496183206 0.3511450381679389 0.42748091603053434 0.3702290076335878 0.3969465648854962 0.3988549618320611
1 0.12022900763358779 0.3473282442748092 0.1297709923664122 0.4312977099236641 0.16221374045801526 0.48854961832061067 0.1834790076335878 0.5098148854961831 0.21755725190839695 0.5438931297709924 0.30916030534351147 0.6030534351145038 0.366412213740458 0.6297709923664122 0.41603053435114506 0.6431297709923665 0.4122137404580153 0.601145038167939 0.37786259541984735 0.4847328244274809 0.38740458015267176 0.4083969465648855 0.3816793893129771 0.3950381679389313 0.2881679389312977 0.2919847328244275 0.1946564885496183 0.22900763358778625 0.1717557251908397 0.1946564885496183 0.1316793893129771 0.2900763358778626
1 0.6125954198473282 0.7442748091603053 0.6030534351145038 0.8129770992366412 0.6698473282442748 0.8091603053435115 0.7881679389312977 0.7748091603053435 0.8568702290076335 0.7461832061068703 0.9980916030534351 0.6641221374045801 0.9980916030534351 0.29389312977099236 0.9370229007633588 0.31297709923664124 0.8530534351145038 0.3568702290076336 0.7614503816793893 0.44274809160305345 0.6679389312977099 0.5877862595419847 0.6259541984732825 0.7213740458015268
1 0.009541984732824428 0.7958015267175572 0.007633587786259542 0.8015267175572519 0.022900763358778626 0.8129770992366412 0.08206106870229007 0.8396946564885496 0.23091603053435114 0.8645038167938931 0.2900763358778626 0.8587786259541985 0.3931297709923664 0.8110687022900763 0.41603053435114506 0.7938931297709924 0.42748091603053434 0.7652671755725191 0.41030534351145037 0.7538167938931297 0.3282442748091603 0.7538167938931297
1 0.003816793893129771 0.8015267175572519 0 0.9083969465648855 0.09541984732824428 0.9255725190839694 0.29389312977099236 0.9007633587786259 0.3511450381679389 0.8835877862595419 0.4026717557251908 0.8568702290076335 0.4312977099236641 0.8072519083969466 0.42748091603053434 0.8015267175572519 0.4064885496183206 0.8377862595419847 0.3816793893129771 0.8549618320610687 0.22137404580152673 0.8664122137404581 0.08015267175572519 0.8416030534351145 0.022900763358778626 0.8148854961832062 0.011450381679389313 0.799618320610687
1 0.6354961832061069 0.8549618320610687 0.6526717557251909 0.9980916030534351 0.816793893129771 0.9980916030534351 0.8091603053435115 0.9656488549618321 0.7767175572519084 0.9083969465648855 0.7824427480916031 0.8835877862595419 0.8091603053435115 0.8587786259541985 0.8053435114503816 0.8416030534351145 0.6583969465648855 0.8301526717557252 0.6431297709923665 0.8377862595419847
1 0.5343511450381679 0.9141221374045801 0.5286259541984732 0.9980916030534351 0.6393129770992366 0.9980916030534351 0.566793893129771 0.9026717557251909 0.5572519083969466 0.898854961832061
1 0.41603053435114506 0.9255725190839694 0.41030534351145037 0.9561068702290076 0.4217557251908397 0.9751908396946565 0.4637404580152672 0.9980916030534351 0.5019083969465649 0.9980916030534351 0.5057251908396947 0.9790076335877863 0.4961832061068702 0.9694656488549618 0.5019083969465649 0.9179389312977099 0.4732824427480916 0.8931297709923665 0.4599236641221374 0.8568702290076335
0 0.009541984732824428 0.4866412213740458 0 0.4866412213740458 0 0.5973282442748091 0.13358778625954199 0.6202290076335878 0.3110687022900763 0.6164122137404581 0.2729007633587786 0.5858778625954199 0.26145038167938933 0.5916030534351145 0.24236641221374045 0.5877862595419847 0.1851145038167939 0.5591603053435115 0.11641221374045801 0.5095419847328244
0 0.04961832061068702 0.4255725190839695 0.04389312977099236 0.4255725190839695 0.07251908396946564 0.4637404580152672 0.13740458015267176 0.5248091603053435 0.23091603053435114 0.5820610687022901 0.2652671755725191 0.5954198473282443 0.2900763358778626 0.5954198473282443 0.1965648854961832 0.5267175572519084 0.13358778625954199 0.45038167938931295
0 0.583969465648855 0.3473282442748092 0.583969465648855 0.3606870229007634 0.6183206106870229 0.37595419847328243 0.6374045801526718 0.3931297709923664 0.6603053435114504 0.43320610687022904 0.6793893129770993 0.49809160305343514 0.6755725190839694 0.5706106870229007 0.7270992366412213 0.5 0.7595419847328244 0.4389312977099237 0.7938931297709924 0.40458015267175573 0.8530534351145038 0.3530534351145038 0.9809160305343512 0.2881679389312977 0.9847328244274809 0.23282442748091603 0.9713740458015268 0.17938931297709923 0.9751908396946565 0.12786259541984732 0.9675572519083969 0.12595419847328243 0.8874045801526718 0.16984732824427481 0.7423664122137404 0.21946564885496184 0.6583969465648855 0.2748091603053435
0 0.6965648854961832 0.8244274809160306 0.6965648854961832 0.8301526717557252 0.7290076335877863 0.8282442748091603 0.8110687022900763 0.8435114503816794 0.8015267175572519 0.8721374045801527 0.7805343511450382 0.8969465648854962 0.7881679389312977 0.9274809160305344 0.8072519083969466 0.9561068702290076 0.9083969465648855 0.9732824427480916 0.9980916030534351 0.9790076335877863 0.9980916030534351 0.8320610687022901 0.9923664122137404 0.8282442748091603 0.7958015267175572 0.8091603053435115
0 0.8263358778625954 0.7633587786259542 0.8301526717557252 0.7729007633587787 0.9103053435114504 0.8053435114503816 0.9980916030534351 0.8244274809160306 0.9980916030534351 0.6946564885496184 0.9599236641221374 0.6889312977099237
0 0.16793893129770993 0.9389312977099237 0.17938931297709923 0.9580152671755725 0.24045801526717558 0.9980916030534351 0.4580152671755725 0.9980916030534351 0.4217557251908397 0.9770992366412213 0.4026717557251908 0.950381679389313 0.3893129770992366 0.9465648854961832 0.23282442748091603 0.9312977099236641
0 0.05343511450381679 0.7557251908396947 0.04770992366412214 0.7748091603053435 0.05534351145038168 0.7881679389312977 0.15267175572519084 0.7709923664122137 0.13549618320610687 0.7423664122137404 0.09923664122137404 0.7194656488549618 0.08206106870229007 0.7251908396946565
0 0.18893129770992367 0.7576335877862596 0.18702290076335878 0.767175572519084 0.20038167938931298 0.767175572519084 0.29961832061068705 0.7595419847328244 0.33587786259541985 0.75 0.33587786259541985 0.7137404580152672 0.3244274809160305 0.6736641221374046 0.30725190839694655 0.6698473282442748 0.2729007633587786 0.7022900763358778