1 0.10877862595419847 0.6736641221374046 0.18702290076335878 0.7366412213740458 0.28053435114503816 0.7366412213740458 0.2958015267175573 0.7270992366412213 0.29770992366412213 0.7175572519083969 0.30725190839694655 0.5992366412213741 0.2881679389312977 0.5896946564885496 0.26145038167938933 0.5896946564885496 0.21755725190839695 0.601145038167939 0.16221374045801526 0.6316793893129771
1 0.3187022900763359 0.25763358778625955 0.3416030534351145 0.41030534351145037 0.30916030534351147 0.6049618320610687 0.2824427480916031 0.8454198473282443 0.30725190839694655 0.8759541984732825 0.32633587786259544 0.8797709923664122 0.3797709923664122 0.8435114503816794 0.38740458015267176 0.816793893129771 0.41412213740458015 0.32633587786259544 0.4446564885496183 0.20229007633587787 0.43702290076335876 0.16221374045801526 0.44274809160305345 0.1316793893129771 0.41412213740458015 0.10877862595419847 0.37404580152671757 0.13549618320610687 0.3377862595419847 0.18129770992366412 0.32633587786259544 0.20610687022900764
1 0.37404580152671757 0.44274809160305345 0.37404580152671757 0.45229007633587787 0.41412213740458015 0.4713740458015267 0.4541984732824427 0.5133587786259542 0.4389312977099237 0.4675572519083969 0.4179389312977099 0.4446564885496183 0.383587786259542 0.4351145038167939
1 0.1984732824427481 0.5190839694656488 0.20229007633587787 0.5725190839694656 0.21564885496183206 0.5935114503816794 0.20610687022900764 0.5725190839694656 0.20801526717557253 0.5572519083969466 0.23473282442748092 0.5152671755725191 0.2919847328244275 0.4732824427480916 0.3053435114503817 0.4751908396946565 0.3282442748091603 0.4637404580152672 0.33587786259541985 0.44656488549618323 0.3282442748091603 0.44274809160305345 0.25190839694656486 0.4637404580152672 0.21946564885496184 0.48854961832061067
1 0.517175572519084 0.4675572519083969 0.5209923664122137 0.5305343511450382 0.5152671755725191 0.5381679389312977 0.517175572519084 0.5458015267175572 0.5305343511450382 0.5458015267175572 0.549618320610687 0.5324427480916031 0.5515267175572519 0.5229007633587787 0.5324427480916031 0.5038167938931297
1 0.4675572519083969 0.2862595419847328 0.4713740458015267 0.3683206106870229 0.49427480916030536 0.42748091603053434 0.4847328244274809 0.49427480916030536 0.5057251908396947 0.5458015267175572 0.5 0.5324427480916031 0.5057251908396947 0.5248091603053435 0.5038167938931297 0.33396946564885494 0.47900763358778625 0.25
1 0.49427480916030536 0.16412213740458015 0.4847328244274809 0.24045801526717558 0.5076335877862596 0.30343511450381677 0.5209923664122137 0.3187022900763359 0.5114503816793893 0.3969465648854962 0.517175572519084 0.4064885496183206 0.5324427480916031 0.3797709923664122 0.5515267175572519 0.29961832061068705 0.5438931297709924 0.1946564885496183 0.5343511450381679 0.1717557251908397
1 0.5362595419847328 0.12213740458015267 0.5324427480916031 0.14122137404580154 0.5610687022900763 0.1316793893129771 0.5763358778625954 0.1431297709923664 0.5706106870229007 0.19083969465648856 0.5706106870229007 0.22423664122137404 0.5763358778625954 0.22709923664122136 0.5706106870229007 0.25572519083969464 0.5782442748091603 0.29389312977099236 0.5706106870229007 0.3110687022900763 0.5744274809160306 0.3549618320610687 0.6049618320610687 0.3988549618320611 0.6259541984732825 0.40076335877862596 0.6259541984732825 0.39122137404580154 0.6393129770992366 0.38549618320610685 0.6526717557251909 0.3435114503816794 0.648854961832061 0.3282442748091603 0.6564885496183206 0.3187022900763359 0.6564885496183206 0.2786259541984733 0.6297709923664122 0.16030534351145037 0.5877862595419847 0.1049618320610687 0.5610687022900763 0.11259541984732824 0.549618320610687 0.10877862595419847
1 0.4026717557251908 0.5515267175572519 0.3988549618320611 0.5572519083969466 0.4446564885496183 0.5896946564885496 0.4847328244274809 0.6450381679389313 0.5 0.5877862595419847 0.49809160305343514 0.549618320610687 0.48854961832061067 0.5419847328244275 0.4541984732824427 0.5419847328244275
1 0.14885496183206107 0.9866412213740458 0.1431297709923664 0.9980916030534351 0.2366412213740458 0.9961832061068703 0.40076335877862596 0.8854961832061069 0.44274809160305345 0.8721374045801527 0.42748091603053434 0.8549618320610687 0.3893129770992366 0.8416030534351145 0.3282442748091603 0.8816793893129771 0.28053435114503816 0.8625954198473282 0.1946564885496183 0.933206106870229
1 0.3435114503816794 0.9274809160305344 0.32633587786259544 0.9446564885496184 0.3416030534351145 0.9675572519083969 0.366412213740458 0.9809160305343512 0.41030534351145037 0.9790076335877863 0.41603053435114506 0.9217557251908397 0.37595419847328243 0.9103053435114504
1 0.41603053435114506 0.9465648854961832 0.41412213740458015 0.9980916030534351 0.5305343511450382 0.9980916030534351 0.5400763358778626 0.9045801526717557 0.5267175572519084 0.8320610687022901 0.49427480916030536 0.833969465648855 0.45610687022900764 0.8606870229007634 0.42748091603053434 0.9064885496183206
1 0.5095419847328244 0.6106870229007634 0.517175572519084 0.7232824427480916 0.5362595419847328 0.7977099236641222 0.5706106870229007 0.8683206106870229 0.5954198473282443 0.9064885496183206 0.6240458015267175 0.933206106870229 0.6507633587786259 0.9961832061068703 0.6583969465648855 0.9980916030534351 0.6583969465648855 0.9392041984732824 0.6755725190839694 0.8053435114503816 0.6374045801526718 0.6755725190839694 0.6087786259541985 0.6202290076335878 0.583969465648855 0.5973282442748091
1 0.6412213740458015 0.6622137404580153 0.6374045801526718 0.6736641221374046 0.683206106870229 0.816793893129771 0.7519083969465649 0.8759541984732825 0.8435114503816794 0.9370229007633588 0.9732824427480916 0.9980916030534351 0.9770992366412213 0.9942748091603053 0.9045801526717557 0.851145038167939 0.8740458015267175 0.7958015267175572 0.8473282442748091 0.7652671755725191 0.7366412213740458 0.6679389312977099 0.6889312977099237 0.6564885496183206
1 0.5591603053435115 0.5591603053435115 0.5572519083969466 0.5820610687022901 0.5687022900763359 0.5534351145038168 0.5877862595419847 0.5419847328244275 0.6202290076335878 0.549618320610687 0.6698473282442748 0.5458015267175572 0.7404580152671756 0.5877862595419847 0.7748091603053435 0.6297709923664122 0.8091603053435115 0.6526717557251909 0.8396946564885496 0.7137404580152672 0.8702290076335878 0.7442748091603053 0.9141221374045801 0.8206106870229007 0.9217557251908397 0.7958015267175572 0.9198473282442748 0.7633587786259542 0.9026717557251909 0.7137404580152672 0.833969465648855 0.6431297709923665 0.7958015267175572 0.6164122137404581 0.7690839694656488 0.5687022900763359 0.7461832061068703 0.5438931297709924 0.6774809160305344 0.5 0.6469465648854962 0.49809160305343514 0.5935114503816794 0.5133587786259542 0.5687022900763359 0.5343511450381679
1 0.6698473282442748 0.8874045801526718 0.6641221374045801 0.9484732824427481 0.6965648854961832 0.9217557251908397 0.7175572519083969 0.8931297709923665 0.6774809160305344 0.8816793893129771
1 0.5515267175572519 0.9522900763358778 0.549618320610687 0.9751908396946565 0.6335877862595419 0.9561068702290076 0.5896946564885496 0.9026717557251909