1 0.2633587786259542 0.23091603053435114 0.2366412213740458 0.2729007633587786 0.2767175572519084 0.33969465648854963 0.3435114503816794 0.4179389312977099 0.3702290076335878 0.4351145038167939 0.4122137404580153 0.44274809160305345 0.49236641221374045 0.48282442748091603 0.5286259541984732 0.46564885496183206 0.5286259541984732 0.44656488549618323 0.4904580152671756 0.33587786259541985 0.37786259541984735 0.20038167938931298 0.3568702290076336 0.19274809160305342 0.3148854961832061 0.1965648854961832
1 0.37786259541984735 0.07061068702290077 0.37213740458015265 0.07061068702290077 0.3893129770992366 0.21183206106870228 0.4637404580152672 0.2958015267175573 0.49809160305343514 0.3473282442748092 0.5114503816793893 0.33396946564885494 0.5114503816793893 0.3110687022900763 0.48854961832061067 0.23091603053435114 0.42938931297709926 0.12786259541984732
1 0.5038167938931297 0.13931297709923665 0.5038167938931297 0.25 0.5152671755725191 0.31679389312977096 0.5076335877862596 0.35877862595419846 0.5343511450381679 0.46564885496183206 0.5534351145038168 0.4713740458015267 0.5610687022900763 0.4618320610687023 0.5744274809160306 0.37213740458015265 0.583969465648855 0.19274809160305342 0.5763358778625954 0.12404580152671756 0.5534351145038168 0.05534351145038168 0.5381679389312977 0.03625954198473282 0.5286259541984732 0.04389312977099236
1 0.42366412213740456 0.5267175572519084 0.40076335877862596 0.5858778625954199 0.366412213740458 0.6049618320610687 0.37404580152671757 0.6125954198473282 0.3797709923664122 0.6507633587786259 0.3893129770992366 0.6564885496183206 0.42748091603053434 0.6145038167938931 0.4446564885496183 0.6068702290076335 0.46946564885496184 0.6335877862595419 0.4866412213740458 0.6793893129770993 0.5362595419847328 0.6526717557251909 0.566793893129771 0.6240458015267175 0.5820610687022901 0.5916030534351145 0.6221374045801527 0.5820610687022901 0.6622137404580153 0.549618320610687 0.6507633587786259 0.49427480916030536 0.6030534351145038 0.4637404580152672 0.5725190839694656 0.4732824427480916 0.5209923664122137 0.4732824427480916
1 0.2824427480916031 0.9141221374045801 0.2824427480916031 0.933206106870229 0.29770992366412213 0.9064885496183206 0.33396946564885494 0.8950381679389313 0.34923664122137404 0.9293893129770993 0.36450381679389315 0.9427480916030534 0.3797709923664122 0.8702290076335878 0.44274809160305345 0.7709923664122137 0.44274809160305345 0.7595419847328244 0.3931297709923664 0.7423664122137404 0.3549618320610687 0.7519083969465649 0.31679389312977096 0.8015267175572519
1 0.37404580152671757 0.8950381679389313 0.36450381679389315 0.9427480916030534 0.4675572519083969 0.8263358778625954 0.49809160305343514 0.8282442748091603 0.5076335877862596 0.8492366412213741 0.5267175572519084 0.8645038167938931 0.5438931297709924 0.8549618320610687 0.6316793893129771 0.6908396946564885 0.648854961832061 0.6259541984732825 0.6374045801526718 0.5935114503816794 0.5935114503816794 0.6679389312977099 0.5515267175572519 0.6679389312977099 0.5209923664122137 0.7041984732824428 0.45038167938931295 0.7595419847328244 0.3893129770992366 0.8549618320610687
1 0.6259541984732825 0.7080152671755725 0.6068702290076335 0.7557251908396947 0.6278625954198473 0.8320610687022901 0.6431297709923665 0.950381679389313 0.6507633587786259 0.9618320610687023 0.6526717557251909 0.9770992366412213 0.6393129770992366 0.9942748091603053 0.7404580152671756 0.9980916030534351 0.7442748091603053 0.9541984732824428 0.7175572519083969 0.851145038167939 0.6622137404580153 0.7270992366412213 0.6374045801526718 0.6965648854961832
1 0.7843511450381679 0.8549618320610687 0.75 0.9274809160305344 0.7862595419847328 0.9274809160305344 0.8072519083969466 0.9389312977099237 0.8320610687022901 0.9312977099236641 0.8587786259541985 0.9389312977099237 0.8835877862595419 0.8893129770992366 0.9122137404580153 0.8568702290076335 0.9980916030534351 0.8206106870229007 0.9980916030534351 0.7576335877862596 0.9484732824427481 0.7404580152671756 0.8969465648854962 0.7519083969465649 0.8435114503816794 0.7843511450381679
1 0.8797709923664122 0.9026717557251909 0.8625954198473282 0.9522900763358778 0.8416030534351145 0.982824427480916 0.8492366412213741 0.9980916030534351 0.9980916030534351 0.9980916030534351 0.9980916030534351 0.8206106870229007 0.9217557251908397 0.8549618320610687
1 0.5706106870229007 0.8091603053435115 0.5725190839694656 0.8416030534351145 0.6068702290076335 0.9465648854961832 0.6354961832061069 0.9942748091603053 0.6469465648854962 0.9980916030534351 0.6221374045801527 0.8129770992366412 0.6049618320610687 0.7557251908396947
1 0.7137404580152672 0.013358778625954198 0.7175572519083969 0.1316793893129771 0.6812977099236641 0.5706106870229007 0.6908396946564885 0.5858778625954199 0.7099236641221374 0.5820610687022901 0.7232824427480916 0.5687022900763359 0.7385496183206107 0.5362595419847328 0.7652671755725191 0.4484732824427481 0.7729007633587787 0.3797709923664122 0.7938931297709924 0.3282442748091603 0.7938931297709924 0.29770992366412213 0.7690839694656488 0.26145038167938933 0.7538167938931297 0.20610687022900764 0.7538167938931297 0.08396946564885496 0.7423664122137404 0.003816793893129771 0.7175572519083969 0
1 0.35877862595419846 0.9465648854961832 0.3549618320610687 0.9942748091603053 0.3816793893129771 0.9980916030534351 0.43320610687022904 0.9255725190839694 0.46946564885496184 0.8435114503816794 0.46946564885496184 0.8282442748091603 0.42366412213740456 0.8740458015267175 0.37595419847328243 0.9465648854961832
1 0.4312977099236641 0.6603053435114504 0.3988549618320611 0.7404580152671756 0.4446564885496183 0.7576335877862596 0.49809160305343514 0.7194656488549618 0.5114503816793893 0.6812977099236641 0.48091603053435117 0.6812977099236641 0.4675572519083969 0.6431297709923665 0.45229007633587787 0.6412213740458015
0 0.2480916030534351 0.5477099236641222 0.25190839694656486 0.5687022900763359 0.29961832061068705 0.6354961832061069 0.36450381679389315 0.6507633587786259 0.37595419847328243 0.6469465648854962 0.37213740458015265 0.6164122137404581 0.3950381679389313 0.5877862595419847 0.41412213740458015 0.5381679389312977 0.37404580152671757 0.5019083969465649 0.3435114503816794 0.4961832061068702 0.30916030534351147 0.5095419847328244 0.2729007633587786 0.5419847328244275
0 0.2862595419847328 0.8015267175572519 0.28435114503816794 0.8148854961832062 0.30916030534351147 0.8129770992366412 0.32251908396946566 0.7843511450381679 0.3549618320610687 0.7480916030534351 0.3950381679389313 0.7366412213740458 0.44274809160305345 0.6393129770992366 0.41603053435114506 0.6374045801526718 0.383587786259542 0.6679389312977099 0.37213740458015265 0.6526717557251909 0.34923664122137404 0.6679389312977099 0.3187022900763359 0.7175572519083969
0 0.7309160305343512 0.5610687022900763 0.7080152671755725 0.5935114503816794 0.75 0.6793893129770993 0.7958015267175572 0.7385496183206107 0.851145038167939 0.767175572519084 0.8568702290076335 0.7519083969465649 0.8530534351145038 0.6717557251908397 0.8206106870229007 0.6087786259541985 0.8129770992366412 0.6087786259541985 0.8034351145038168 0.5916030534351145 0.7843511450381679 0.5782442748091603 0.7748091603053435 0.5591603053435115 0.7385496183206107 0.5553435114503816
0 0.8282442748091603 0.383587786259542 0.8320610687022901 0.4599236641221374 0.8225190839694656 0.4770992366412214 0.8263358778625954 0.5286259541984732 0.8549618320610687 0.5362595419847328 0.9064885496183206 0.5324427480916031 0.8874045801526718 0.43702290076335876 0.8664122137404581 0.3893129770992366 0.8396946564885496 0.36450381679389315
0 0.8225190839694656 0.47900763358778625 0.8282442748091603 0.5286259541984732 0.8377862595419847 0.5305343511450382 0.8301526717557252 0.46946564885496184
0 0.7786259541984732 0.5534351145038168 0.7767175572519084 0.566793893129771 0.7900763358778626 0.5706106870229007 0.816793893129771 0.5973282442748091 0.8454198473282443 0.6679389312977099 0.8549618320610687 0.7118320610687023 0.8683206106870229 0.7232824427480916 0.8645038167938931 0.6183206106870229 0.8492366412213741 0.5954198473282443 0.8454198473282443 0.5534351145038168
0 0.7690839694656488 0.5114503816793893 0.7690839694656488 0.5286259541984732 0.7767175572519084 0.5362595419847328 0.8148854961832062 0.5381679389312977 0.7900763358778626 0.5133587786259542
0 0.8377862595419847 0.549618320610687 0.833969465648855 0.5534351145038168 0.8835877862595419 0.6583969465648855 0.9007633587786259 0.7118320610687023 0.9083969465648855 0.6984732824427481 0.9141221374045801 0.6469465648854962 0.9083969465648855 0.5419847328244275
0 0.8530534351145038 0.549618320610687 0.8244274809160306 0.5515267175572519 0.8645038167938931 0.6335877862595419 0.8664122137404581 0.6106870229007634 0.8492366412213741 0.5610687022900763
0 0.5744274809160306 0.3931297709923664 0.5648854961832062 0.46946564885496184 0.5954198473282443 0.4599236641221374 0.6431297709923665 0.48854961832061067 0.6984732824427481 0.37595419847328243 0.7041984732824428 0.28435114503816794 0.6622137404580153 0.29389312977099236 0.6240458015267175 0.32061068702290074 0.5935114503816794 0.3530534351145038
0 0.5572519083969466 0.04007633587786259 0.583969465648855 0.16603053435114504 0.5916030534351145 0.16603053435114504 0.6202290076335878 0.08969465648854962 0.6374045801526718 0 0.5687022900763359 0
1 0.648854961832061 0.02480916030534351 0.6450381679389313 0.13740458015267176 0.6545801526717557 0.17557251908396945 0.6507633587786259 0.20801526717557253 0.6603053435114504 0.2366412213740458 0.6564885496183206 0.20038167938931298 0.6679389312977099 0.16412213740458015 0.6717557251908397 0.10305343511450382 0.7099236641221374 0 0.6564885496183206 0