1 0.5400763358778626 0.23473282442748092 0.5286259541984732 0.2366412213740458 0.5286259541984732 0.2595419847328244 0.6106870229007634 0.4217557251908397 0.6087786259541985 0.43320610687022904 0.6412213740458015 0.49809160305343514 0.6603053435114504 0.5305343511450382 0.7022900763358778 0.5572519083969466 0.7881679389312977 0.583969465648855 0.8683206106870229 0.583969465648855 0.9007633587786259 0.5706106870229007 0.982824427480916 0.5076335877862596 0.9866412213740458 0.48091603053435117 0.9694656488549618 0.44656488549618323 0.8893129770992366 0.37213740458015265 0.7958015267175572 0.31297709923664124 0.6603053435114504 0.25 0.5935114503816794 0.23473282442748092
1 0.3148854961832061 0.4389312977099237 0.29961832061068705 0.5286259541984732 0.30343511450381677 0.5725190839694656 0.34923664122137404 0.6354961832061069 0.4064885496183206 0.6717557251908397 0.46946564885496184 0.6851145038167938 0.5229007633587787 0.6583969465648855 0.6354961832061069 0.5763358778625954 0.6507633587786259 0.5400763358778626 0.6183206106870229 0.45610687022900764 0.601145038167939 0.43320610687022904 0.5877862595419847 0.37595419847328243 0.5324427480916031 0.2881679389312977 0.5019083969465649 0.2633587786259542 0.4351145038167939 0.2633587786259542 0.40458015267175573 0.2786259541984733 0.3683206106870229 0.32633587786259544
1 0.07824427480916031 0.3969465648854962 0.08206106870229007 0.4217557251908397 0.12786259541984732 0.48091603053435117 0.12595419847328243 0.5095419847328244 0.13931297709923665 0.5248091603053435 0.21755725190839695 0.5114503816793893 0.25763358778625955 0.49427480916030536 0.3053435114503817 0.4618320610687023 0.34541984732824427 0.3473282442748092 0.37213740458015265 0.31297709923664124 0.3950381679389313 0.25 0.38549618320610685 0.2385496183206107 0.34923664122137404 0.2366412213740458 0.3282442748091603 0.2480916030534351 0.22900763358778625 0.27099236641221375 0.1736641221374046 0.29770992366412213 0.15458015267175573 0.3148854961832061 0.1431297709923664 0.3148854961832061 0.09351145038167939 0.35877862595419846
1 0.18129770992366412 0.2595419847328244 0.17938931297709923 0.2900763358778626 0.3549618320610687 0.23282442748091603 0.3244274809160305 0.21374045801526717 0.2881679389312977 0.21564885496183206 0.22900763358778625 0.22709923664122136
1 0.3301526717557252 0.20610687022900764 0.32633587786259544 0.21183206106870228 0.33396946564885494 0.22137404580152673 0.34923664122137404 0.22900763358778625 0.44274809160305345 0.24618320610687022 0.4732824427480916 0.22900763358778625 0.48854961832061067 0.23282442748091603 0.5095419847328244 0.22328244274809161 0.5095419847328244 0.1946564885496183 0.49427480916030536 0.1736641221374046 0.45038167938931295 0.1851145038167939 0.3702290076335878 0.1851145038167939
1 0.5687022900763359 0.20229007633587787 0.5591603053435115 0.21564885496183206 0.5706106870229007 0.22137404580152673 0.5916030534351145 0.2099236641221374 0.683206106870229 0.23473282442748092 0.7576335877862596 0.2786259541984733 0.7767175572519084 0.29961832061068705 0.7958015267175572 0.30343511450381677 0.7938931297709924 0.25763358778625955 0.7862595419847328 0.24427480916030533 0.7576335877862596 0.24045801526717558 0.6908396946564885 0.20038167938931298 0.5992366412213741 0.19083969465648856
1 0.04580152671755725 0.40076335877862596 0.04198473282442748 0.41412213740458015 0.08969465648854962 0.46946564885496184 0.11068702290076336 0.5114503816793893 0.10305343511450382 0.5477099236641222 0.08396946564885496 0.5744274809160306 0.10114503816793893 0.5973282442748091 0.1297709923664122 0.5763358778625954 0.16221374045801526 0.5858778625954199 0.19083969465648856 0.5687022900763359 0.23282442748091603 0.5648854961832062 0.2748091603053435 0.5343511450381679 0.2919847328244275 0.5305343511450382 0.29961832061068705 0.517175572519084 0.3053435114503817 0.46946564885496184 0.2595419847328244 0.4961832061068702 0.17938931297709923 0.5248091603053435 0.13549618320610687 0.5229007633587787 0.1297709923664122 0.4866412213740458 0.07251908396946564 0.4122137404580153 0.08206106870229007 0.37595419847328243 0.07061068702290077 0.37786259541984735
1 0.04007633587786259 0.5744274809160306 0 0.583969465648855 0 0.6679389312977099 0.10305343511450382 0.6183206106870229 0.07442748091603053 0.5858778625954199 0.08015267175572519 0.5706106870229007
1 0.15076335877862596 0.5896946564885496 0.1450381679389313 0.5954198473282443 0.14885496183206107 0.6354961832061069 0.1851145038167939 0.6793893129770993 0.21564885496183206 0.6793893129770993 0.22137404580152673 0.6736641221374046 0.21946564885496184 0.6526717557251909 0.25 0.6049618320610687 0.2900763358778626 0.5782442748091603 0.2958015267175573 0.5419847328244275 0.2633587786259542 0.5419847328244275 0.22519083969465647 0.5706106870229007 0.19274809160305342 0.5706106870229007
1 0.2919847328244275 0.6431297709923665 0.28435114503816794 0.6774809160305344 0.30725190839694655 0.7041984732824428 0.3931297709923664 0.7385496183206107 0.4351145038167939 0.732824427480916 0.4217557251908397 0.7022900763358778 0.3606870229007634 0.6698473282442748 0.3549618320610687 0.6450381679389313
1 0.12213740458015267 0.6393129770992366 0.10687022900763359 0.6679389312977099 0.16221374045801526 0.6851145038167938 0.17938931297709923 0.7041984732824428 0.22519083969465647 0.7061068702290076 0.28435114503816794 0.732824427480916 0.31679389312977096 0.7118320610687023 0.2824427480916031 0.6717557251908397 0.2633587786259542 0.6641221374045801 0.20038167938931298 0.683206106870229 0.1736641221374046 0.6698473282442748 0.15267175572519084 0.6431297709923665 0.13358778625954199 0.6354961832061069
1 0.43320610687022904 0.700381679389313 0.4351145038167939 0.7232824427480916 0.4599236641221374 0.7709923664122137 0.48282442748091603 0.7938931297709924 0.49427480916030536 0.8358778625954199 0.5553435114503816 0.8091603053435115 0.6412213740458015 0.7843511450381679 0.6240458015267175 0.7633587786259542 0.5858778625954199 0.7519083969465649 0.583969465648855 0.732824427480916 0.5973282442748091 0.7099236641221374 0.5954198473282443 0.6965648854961832
1 0.48091603053435117 0.6812977099236641 0.4770992366412214 0.6927480916030534 0.5114503816793893 0.6965648854961832 0.6889312977099237 0.6851145038167938 0.7709923664122137 0.5896946564885496 0.6564885496183206 0.5419847328244275 0.648854961832061 0.5591603053435115 0.5706106870229007 0.6297709923664122 0.5286259541984732 0.6603053435114504
1 0.7194656488549618 0.9599236641221374 0.7213740458015268 0.9980916030534351 0.8721374045801527 0.9980916030534351 0.8835877862595419 0.9580152671755725 0.8721374045801527 0.9141221374045801 0.8244274809160306 0.8950381679389313 0.7557251908396947 0.916030534351145
1 0.8797709923664122 0.8912213740458015 0.8664122137404581 0.8912213740458015 0.8759541984732825 0.9026717557251909 0.8702290076335878 0.9179389312977099 0.8797709923664122 0.9274809160305344 0.8835877862595419 0.950381679389313 0.8740458015267175 0.9980916030534351 0.9522900763358778 0.9980916030534351 0.9522900763358778 0.9866412213740458 0.9293893129770993 0.9618320610687023 0.9007633587786259 0.8969465648854962
1 0.5534351145038168 0.9103053435114504 0.5419847328244275 0.933206106870229 0.5114503816793893 0.9541984732824428 0.5343511450381679 0.9980916030534351 0.7137404580152672 0.9980916030534351 0.7118320610687023 0.9694656488549618 0.6870229007633588 0.9312977099236641 0.6125954198473282 0.9083969465648855
0 0.23473282442748092 0.8721374045801527 0.23091603053435114 0.9141221374045801 0.24427480916030533 0.9561068702290076 0.2958015267175573 0.9809160305343512 0.3377862595419847 0.9885496183206107 0.40076335877862596 0.9942748091603053 0.4580152671755725 0.9790076335877863 0.48854961832061067 0.9656488549618321 0.5114503816793893 0.9427480916030534 0.5209923664122137 0.9141221374045801 0.5057251908396947 0.8625954198473282 0.43320610687022904 0.7576335877862596 0.41412213740458015 0.7423664122137404 0.3511450381679389 0.7270992366412213 0.3416030534351145 0.7270992366412213 0.30916030534351147 0.7576335877862596
0 0.08969465648854962 0.7366412213740458 0 0.7843511450381679 0 0.9980916030534351 0.06297709923664122 0.9980916030534351 0.08396946564885496 0.9866412213740458 0.12022900763358779 0.9484732824427481 0.13931297709923665 0.9198473282442748 0.16030534351145037 0.816793893129771 0.1946564885496183 0.7156488549618321 0.1736641221374046 0.7118320610687023
0 0.03816793893129771 0.6698473282442748 0 0.6793893129770993 0 0.7767175572519084 0.13740458015267176 0.6851145038167938 0.09923664122137404 0.6641221374045801
0 0.5458015267175572 0.8206106870229007 0.6087786259541985 0.9045801526717557 0.6450381679389313 0.916030534351145 0.6679389312977099 0.9141221374045801 0.6641221374045801 0.9007633587786259 0.6717557251908397 0.8816793893129771 0.7041984732824428 0.8549618320610687 0.700381679389313 0.8358778625954199 0.6354961832061069 0.8034351145038168 0.5744274809160306 0.8072519083969466
0 0.5 0.8377862595419847 0.49809160305343514 0.8492366412213741 0.5229007633587787 0.9026717557251909 0.5209923664122137 0.9389312977099237 0.5324427480916031 0.9370229007633588 0.549618320610687 0.9103053435114504 0.5877862595419847 0.898854961832061 0.5877862595419847 0.8778625954198473 0.5458015267175572 0.8206106870229007
0 0.5973282442748091 0.7137404580152672 0.5820610687022901 0.7442748091603053 0.6259541984732825 0.7614503816793893 0.6297709923664122 0.7958015267175572 0.7022900763358778 0.8358778625954199 0.7270992366412213 0.833969465648855 0.7061068702290076 0.8148854961832062 0.700381679389313 0.7652671755725191 0.6603053435114504 0.7175572519083969 0.6412213740458015 0.7099236641221374
0 0.700381679389313 0.6755725190839694 0.6908396946564885 0.7022900763358778 0.7366412213740458 0.7461832061068703 0.7805343511450382 0.7213740458015268 0.7824427480916031 0.7022900763358778 0.7633587786259542 0.683206106870229 0.7175572519083969 0.6641221374045801