1 0.16984732824427481 0.5629770992366412 0.16793893129770993 0.6526717557251909 0.14885496183206107 0.6908396946564885 0.1946564885496183 0.6507633587786259 0.3148854961832061 0.6087786259541985 0.38740458015267176 0.566793893129771 0.4732824427480916 0.49427480916030536 0.5209923664122137 0.42748091603053434 0.5248091603053435 0.40458015267175573 0.5038167938931297 0.3950381679389313 0.4312977099236641 0.3931297709923664 0.4083969465648855 0.4064885496183206 0.37595419847328243 0.4064885496183206 0.3053435114503817 0.44083969465648853 0.23091603053435114 0.48854961832061067 0.1946564885496183 0.5209923664122137
1 0.48282442748091603 0.49236641221374045 0.48282442748091603 0.5477099236641222 0.5095419847328244 0.6106870229007634 0.5610687022900763 0.6622137404580153 0.648854961832061 0.7080152671755725 0.6583969465648855 0.7461832061068703 0.6736641221374046 0.767175572519084 0.6717557251908397 0.7347328244274809 0.7041984732824428 0.6793893129770993 0.7232824427480916 0.6049618320610687 0.7251908396946565 0.5687022900763359 0.7385496183206107 0.5343511450381679 0.7309160305343512 0.48854961832061067 0.6870229007633588 0.4446564885496183 0.6221374045801527 0.41603053435114506 0.5763358778625954 0.40458015267175573 0.5305343511450382 0.41603053435114506
1 0.019083969465648856 0.3568702290076336 0 0.366412213740458 0 0.3988549618320611 0.2099236641221374 0.41412213740458015 0.3416030534351145 0.4064885496183206 0.5019083969465649 0.383587786259542 0.5152671755725191 0.37595419847328243 0.49236641221374045 0.3549618320610687 0.3511450381679389 0.3187022900763359 0.1049618320610687 0.3320610687022901
1 0.40458015267175573 0.18702290076335878 0.3950381679389313 0.20610687022900764 0.3969465648854962 0.24236641221374045 0.42748091603053434 0.2958015267175573 0.5190839694656488 0.3683206106870229 0.5515267175572519 0.3816793893129771 0.5534351145038168 0.36259541984732824 0.5458015267175572 0.3473282442748092 0.5553435114503816 0.32251908396946566 0.6221374045801527 0.2595419847328244 0.6049618320610687 0.1946564885496183 0.5572519083969466 0.15076335877862596 0.5400763358778626 0.14885496183206107 0.5381679389312977 0.13549618320610687 0.5190839694656488 0.1297709923664122 0.4732824427480916 0.1431297709923664
1 0.5591603053435115 0.32251908396946566 0.549618320610687 0.3416030534351145 0.5591603053435115 0.3702290076335878 0.5954198473282443 0.34923664122137404 0.7652671755725191 0.2958015267175573 0.8206106870229007 0.2652671755725191 0.8187022900763359 0.25 0.8320610687022901 0.24618320610687022 0.8435114503816794 0.21564885496183206 0.8377862595419847 0.20801526717557253 0.7786259541984732 0.2099236641221374 0.6736641221374046 0.24045801526717558 0.6106870229007634 0.27099236641221375
1 0.5744274809160306 0.3683206106870229 0.5782442748091603 0.39122137404580154 0.5877862595419847 0.38549618320610685 0.6431297709923665 0.3893129770992366 0.6641221374045801 0.37595419847328243 0.7652671755725191 0.3816793893129771 0.9866412213740458 0.3683206106870229 0.9980916030534351 0.36450381679389315 0.9980916030534351 0.3015267175572519 0.9561068702290076 0.2919847328244275 0.7862595419847328 0.3015267175572519 0.6507633587786259 0.33396946564885494 0.5877862595419847 0.3568702290076336
1 0.5782442748091603 0.3683206106870229 0.5706106870229007 0.38549618320610685 0.5858778625954199 0.3969465648854962 0.7442748091603053 0.4599236641221374 0.833969465648855 0.4770992366412214 0.8893129770992366 0.45229007633587787 0.8912213740458015 0.44083969465648853 0.8587786259541985 0.4179389312977099 0.7900763358778626 0.3931297709923664 0.6736641221374046 0.37213740458015265
1 0.16603053435114504 0.4446564885496183 0.16030534351145037 0.4580152671755725 0.16984732824427481 0.4675572519083969 0.1965648854961832 0.4770992366412214 0.24427480916030533 0.4751908396946565 0.3187022900763359 0.4312977099236641 0.383587786259542 0.4083969465648855 0.4122137404580153 0.4064885496183206 0.42748091603053434 0.3931297709923664 0.3511450381679389 0.4083969465648855 0.20229007633587787 0.41603053435114506
1 0.3969465648854962 0.5992366412213741 0.3969465648854962 0.6450381679389313 0.41603053435114506 0.6793893129770993 0.517175572519084 0.6278625954198473 0.48091603053435117 0.5534351145038168 0.4770992366412214 0.49427480916030536 0.4312977099236641 0.5343511450381679
0 0.24045801526717558 0.6870229007633588 0.2366412213740458 0.7194656488549618 0.24236641221374045 0.7309160305343512 0.3282442748091603 0.7251908396946565 0.3931297709923664 0.7022900763358778 0.4122137404580153 0.6870229007633588 0.3931297709923664 0.6431297709923665 0.40076335877862596 0.5706106870229007 0.383587786259542 0.5725190839694656 0.2748091603053435 0.6393129770992366
0 0.0019083969465648854 0.5400763358778626 0 0.5935114503816794 0.07442748091603053 0.6049618320610687 0.1049618320610687 0.601145038167939 0.1183206106870229 0.5896946564885496 0.10114503816793893 0.5591603053435115 0.02862595419847328 0.5362595419847328
0 0.5629770992366412 0.6736641221374046 0.5610687022900763 0.6908396946564885 0.5744274809160306 0.7213740458015268 0.6278625954198473 0.7938931297709924 0.6755725190839694 0.8244274809160306 0.7690839694656488 0.8587786259541985 0.7748091603053435 0.8778625954198473 0.7824427480916031 0.8797709923664122 0.8129770992366412 0.8148854961832062 0.8187022900763359 0.7538167938931297 0.7900763358778626 0.6889312977099237 0.7366412213740458 0.6335877862595419 0.7232824427480916 0.6259541984732825 0.6984732824427481 0.6965648854961832 0.6774809160305344 0.7309160305343512 0.6545801526717557 0.7442748091603053 0.6469465648854962 0.7156488549618321 0.6374045801526718 0.7061068702290076 0.5782442748091603 0.6736641221374046
0 0.7232824427480916 0.4618320610687023 0.7156488549618321 0.46564885496183206 0.7385496183206107 0.5019083969465649 0.7461832061068703 0.5400763358778626 0.9217557251908397 0.5706106870229007 0.9980916030534351 0.5706106870229007 0.9980916030534351 0.5515267175572519 0.8778625954198473 0.46946564885496184 0.8206106870229007 0.48091603053435117
0 0.7290076335877863 0.5763358778625954 0.7309160305343512 0.5973282442748091 0.8301526717557252 0.6164122137404581 0.8416030534351145 0.6145038167938931 0.8587786259541985 0.5954198473282443 0.8950381679389313 0.5896946564885496 0.8893129770992366 0.5725190839694656 0.8721374045801527 0.5610687022900763 0.7442748091603053 0.5381679389312977
0 0.7767175572519084 0.3816793893129771 0.767175572519084 0.38549618320610685 0.8969465648854962 0.4312977099236641 0.9561068702290076 0.43702290076335876 0.9618320610687023 0.42938931297709926 0.9618320610687023 0.4083969465648855 0.9141221374045801 0.37595419847328243
0 0.1049618320610687 0.2824427480916031 0.1049618320610687 0.3282442748091603 0.2919847328244275 0.3148854961832061 0.3530534351145038 0.2595419847328244 0.4122137404580153 0.16793893129770993 0.383587786259542 0.15648854961832062 0.32633587786259544 0.16412213740458015 0.26717557251908397 0.20610687022900764 0.18702290076335878 0.24427480916030533 0.1736641221374046 0.21755725190839695 0.1316793893129771 0.24618320610687022
0 0.183206106870229 0.183206106870229 0.18129770992366412 0.24427480916030533 0.3148854961832061 0.1717557251908397 0.38549618320610685 0.1049618320610687 0.30343511450381677 0.11068702290076336 0.26145038167938933 0.12404580152671756 0.20038167938931298 0.15839694656488548
0 0.15076335877862596 0.1431297709923664 0.14694656488549618 0.1851145038167939 0.1717557251908397 0.21374045801526717 0.19274809160305342 0.16030534351145037 0.21374045801526717 0.1431297709923664 0.21183206106870228 0.1316793893129771 0.20038167938931298 0.10687022900763359 0.18702290076335878 0.10114503816793893 0.16412213740458015 0.11641221374045801
0 0.019083969465648856 0.1736641221374046 0.02099236641221374 0.21374045801526717 0.03244274809160305 0.23091603053435114 0.1851145038167939 0.0916030534351145 0.15076335877862596 0.08969465648854962 0.07251908396946564 0.11068702290076336 0.02862595419847328 0.14122137404580154
0 0.25763358778625955 0.1049618320610687 0.25 0.11259541984732824 0.38740458015267176 0.10305343511450382 0.3893129770992366 0.09351145038167939 0.3816793893129771 0.08015267175572519 0.3377862595419847 0.07251908396946564 0.3015267175572519 0.08015267175572519 0.28435114503816794 0.09541984732824428