1 0.007633587786259542 0.4770992366412214 0.0019083969465648854 0.49809160305343514 0.007633587786259542 0.517175572519084 0.04198473282442748 0.5763358778625954 0.05534351145038168 0.6164122137404581 0.08396946564885496 0.6469465648854962 0.16793893129770993 0.6736641221374046 0.2595419847328244 0.7194656488549618 0.3683206106870229 0.7519083969465649 0.42366412213740456 0.7538167938931297 0.3816793893129771 0.7290076335877863 0.3377862595419847 0.6889312977099237 0.2538167938931298 0.5477099236641222 0.22709923664122136 0.5267175572519084 0.10114503816793893 0.47900763358778625 0.05725190839694656 0.4713740458015267
1 0.0057251908396946565 0.3053435114503817 0 0.3053435114503817 0 0.3702290076335878 0.11641221374045801 0.47900763358778625 0.2480916030534351 0.5381679389312977 0.2633587786259542 0.5534351145038168 0.30725190839694655 0.6335877862595419 0.32061068702290074 0.6431297709923665 0.366412213740458 0.6469465648854962 0.3893129770992366 0.6354961832061069 0.3893129770992366 0.6106870229007634 0.37595419847328243 0.5687022900763359 0.3282442748091603 0.5152671755725191 0.08778625954198473 0.3416030534351145
1 0.29389312977099236 0.3683206106870229 0.2824427480916031 0.41603053435114506 0.3015267175572519 0.4713740458015267 0.36450381679389315 0.5458015267175572 0.5038167938931297 0.6641221374045801 0.549618320610687 0.6851145038167938 0.5877862595419847 0.6851145038167938 0.6374045801526718 0.6507633587786259 0.6946564885496184 0.5706106870229007 0.7137404580152672 0.5057251908396947 0.7080152671755725 0.45229007633587787 0.6812977099236641 0.41030534351145037 0.6431297709923665 0.37404580152671757 0.5992366412213741 0.3473282442748092 0.5019083969465649 0.30916030534351147 0.3568702290076336 0.28053435114503816 0.33969465648854963 0.2900763358778626
1 0.2366412213740458 0.7461832061068703 0.23091603053435114 0.7614503816793893 0.25763358778625955 0.8091603053435115 0.25572519083969464 0.8396946564885496 0.33587786259541985 0.9064885496183206 0.5362595419847328 0.9141221374045801 0.5935114503816794 0.9083969465648855 0.6469465648854962 0.8874045801526718 0.6297709923664122 0.8625954198473282 0.6183206106870229 0.8683206106870229 0.5992366412213741 0.8549618320610687 0.5992366412213741 0.8454198473282443 0.5820610687022901 0.8263358778625954 0.49236641221374045 0.7519083969465649 0.4255725190839695 0.7614503816793893 0.3568702290076336 0.75 0.31297709923664124 0.7251908396946565 0.26145038167938933 0.7213740458015268
1 0.7366412213740458 0.6450381679389313 0.7194656488549618 0.7366412213740458 0.7461832061068703 0.7919847328244275 0.7576335877862596 0.8015267175572519 0.8187022900763359 0.799618320610687 0.9141221374045801 0.7748091603053435 0.9484732824427481 0.7557251908396947 0.9866412213740458 0.7232824427480916 0.9904580152671756 0.7118320610687023 0.9809160305343512 0.6564885496183206 0.9465648854961832 0.6183206106870229 0.9045801526717557 0.5992366412213741 0.8683206106870229 0.6316793893129771 0.8377862595419847 0.6087786259541985 0.8530534351145038 0.5820610687022901 0.8454198473282443 0.5744274809160306 0.7652671755725191 0.5648854961832062
1 0.898854961832061 0.3816793893129771 0.898854961832061 0.43702290076335876 0.8816793893129771 0.5152671755725191 0.8587786259541985 0.5782442748091603 0.8091603053435115 0.6507633587786259 0.8129770992366412 0.6583969465648855 0.851145038167939 0.6507633587786259 0.9351145038167938 0.5610687022900763 0.9980916030534351 0.47900763358778625 0.9980916030534351 0.3416030534351145 0.9198473282442748 0.3606870229007634
1 0.5286259541984732 0.9866412213740458 0.5267175572519084 0.9980916030534351 0.6622137404580153 0.9980916030534351 0.6965648854961832 0.9599236641221374 0.6965648854961832 0.8969465648854962 0.6202290076335878 0.9045801526717557
0 0.12213740458015267 0.9942748091603053 0.21755725190839695 0.9980916030534351 0.3320610687022901 0.9103053435114504 0.28435114503816794 0.8683206106870229
0 0.5801526717557252 0.8129770992366412 0.5782442748091603 0.8206106870229007 0.6049618320610687 0.8396946564885496 0.6049618320610687 0.7938931297709924
0 0.6221374045801527 0.7843511450381679 0.6183206106870229 0.8473282442748091 0.6507633587786259 0.8816793893129771 0.6736641221374046 0.8912213740458015 0.7194656488549618 0.8606870229007634 0.7251908396946565 0.8244274809160306 0.6984732824427481 0.7919847328244275 0.6698473282442748 0.7748091603053435 0.6450381679389313 0.7881679389312977
0 0.13931297709923665 0.3015267175572519 0.12786259541984732 0.3282442748091603 0.08969465648854962 0.3416030534351145 0.1316793893129771 0.36450381679389315 0.2786259541984733 0.3950381679389313 0.3377862595419847 0.28435114503816794 0.22328244274809161 0.2824427480916031 0.18702290076335878 0.2958015267175573