1 0.21183206106870228 0.6240458015267175 0.2099236641221374 0.6583969465648855 0.22900763358778625 0.7061068702290076 0.2538167938931298 0.732824427480916 0.3015267175572519 0.7633587786259542 0.36259541984732824 0.7232824427480916 0.44656488549618323 0.6412213740458015 0.49236641221374045 0.48091603053435117 0.46946564885496184 0.4580152671755725 0.3702290076335878 0.4847328244274809 0.29961832061068705 0.5343511450381679
1 0.04389312977099236 0.45038167938931295 0.03816793893129771 0.46564885496183206 0.1049618320610687 0.4847328244274809 0.21183206106870228 0.49236641221374045 0.2862595419847328 0.4847328244274809 0.3683206106870229 0.4637404580152672 0.4351145038167939 0.46564885496183206 0.46946564885496184 0.4541984732824427 0.4751908396946565 0.4312977099236641 0.3950381679389313 0.41603053435114506 0.1984732824427481 0.4083969465648855 0.12022900763358779 0.4179389312977099
1 0.07061068702290077 0.6259541984732825 0.0648854961832061 0.6335877862595419 0.12022900763358779 0.6164122137404581 0.21755725190839695 0.6087786259541985 0.3320610687022901 0.5057251908396947 0.366412213740458 0.48282442748091603 0.41412213740458015 0.4675572519083969 0.3931297709923664 0.4599236641221374 0.2366412213740458 0.5038167938931297 0.14122137404580154 0.5629770992366412 0.09732824427480916 0.6087786259541985
1 0.4675572519083969 0.37213740458015265 0.48282442748091603 0.4198473282442748 0.48091603053435117 0.4580152671755725 0.5419847328244275 0.5553435114503816 0.6106870229007634 0.583969465648855 0.6316793893129771 0.6164122137404581 0.6450381679389313 0.6068702290076335 0.6870229007633588 0.5992366412213741 0.6374045801526718 0.5534351145038168 0.6278625954198473 0.5362595419847328 0.6450381679389313 0.517175572519084 0.6927480916030534 0.5 0.6984732824427481 0.4866412213740458 0.6851145038167938 0.4751908396946565 0.6755725190839694 0.4484732824427481 0.6354961832061069 0.4083969465648855 0.5954198473282443 0.3893129770992366 0.583969465648855 0.34923664122137404 0.5438931297709924 0.3148854961832061 0.5038167938931297 0.3187022900763359 0.49236641221374045 0.32633587786259544
1 0.6106870229007634 0.33396946564885494 0.6049618320610687 0.3416030534351145 0.6812977099236641 0.38549618320610685 0.6851145038167938 0.4312977099236641 0.7232824427480916 0.4580152671755725 0.7958015267175572 0.5381679389312977 0.8072519083969466 0.5381679389312977 0.8893129770992366 0.5916030534351145 0.9141221374045801 0.5954198473282443 0.9484732824427481 0.6221374045801527 0.9790076335877863 0.6183206106870229 0.982824427480916 0.6106870229007634 0.9770992366412213 0.6049618320610687 0.8950381679389313 0.5553435114503816 0.8454198473282443 0.5057251908396947 0.8473282442748091 0.48282442748091603 0.8854961832061069 0.4484732824427481 0.8797709923664122 0.4312977099236641 0.7041984732824428 0.3416030534351145 0.6564885496183206 0.34541984732824427 0.6507633587786259 0.33396946564885494
1 0.007633587786259542 0.2385496183206107 0 0.24045801526717558 0 0.2767175572519084 0.1316793893129771 0.2652671755725191 0.3530534351145038 0.2748091603053435 0.3797709923664122 0.2652671755725191 0.5687022900763359 0.2958015267175573 0.5782442748091603 0.2958015267175573 0.583969465648855 0.2824427480916031 0.5687022900763359 0.25190839694656486 0.517175572519084 0.22900763358778625 0.4541984732824427 0.21755725190839695 0.4312977099236641 0.20610687022900764 0.37213740458015265 0.20229007633587787 0.30916030534351147 0.18129770992366412 0.2729007633587786 0.183206106870229 0.24045801526717558 0.21183206106870228 0.18702290076335878 0.22709923664122136 0.06870229007633588 0.22900763358778625
1 0.7080152671755725 0.3320610687022901 0.7061068702290076 0.3435114503816794 0.8492366412213741 0.4083969465648855 0.9541984732824428 0.3702290076335878 0.9980916030534351 0.34541984732824427 0.9980916030534351 0.22900763358778625 0.9656488549618321 0.22709923664122136 0.8969465648854962 0.24045801526717558 0.7538167938931297 0.3015267175572519
1 0.7786259541984732 0.5477099236641222 0.7690839694656488 0.5935114503816794 0.7805343511450382 0.6278625954198473 0.7919847328244275 0.6374045801526718 0.8625954198473282 0.6774809160305344 0.9732824427480916 0.7022900763358778 0.9522900763358778 0.6908396946564885 0.933206106870229 0.6526717557251909 0.9351145038167938 0.6450381679389313 0.9713740458015268 0.6240458015267175 0.9694656488549618 0.6145038167938931 0.8874045801526718 0.5916030534351145 0.7919847328244275 0.5362595419847328
1 0.6889312977099237 0.46946564885496184 0.7022900763358778 0.49427480916030536 0.6583969465648855 0.5152671755725191 0.6564885496183206 0.5286259541984732 0.6946564885496184 0.5572519083969466 0.767175572519084 0.5858778625954199 0.7824427480916031 0.5286259541984732 0.7366412213740458 0.47900763358778625
1 0.7232824427480916 0.003816793893129771 0.7175572519083969 0.04580152671755725 0.7576335877862596 0.1183206106870229 0.8225190839694656 0.17938931297709923 0.9217557251908397 0.22709923664122136 0.9217557251908397 0.18702290076335878 0.9312977099236641 0.16793893129770993 0.9198473282442748 0.14122137404580154 0.9274809160305344 0.1183206106870229 0.8645038167938931 0.08587786259541985 0.8396946564885496 0.06297709923664122 0.816793893129771 0.022900763358778626 0.816793893129771 0
1 0.9980916030534351 0 0.8187022900763359 0 0.8187022900763359 0.007633587786259542 0.833969465648855 0.04770992366412214 0.8778625954198473 0.08969465648854962 0.9580152671755725 0.1183206106870229 0.9809160305343512 0.13549618320610687 0.9980916030534351 0.11259541984732824
1 0.0019083969465648854 0.29389312977099236 0 0.3473282442748092 0.12595419847328243 0.3530534351145038 0.18129770992366412 0.3435114503816794 0.16603053435114504 0.33396946564885494 0.11068702290076336 0.3320610687022901
0 0.02480916030534351 0.366412213740458 0 0.366412213740458 0 0.4312977099236641 0.04961832061068702 0.44274809160305345 0.10877862595419847 0.4179389312977099 0.16412213740458015 0.4064885496183206 0.10877862595419847 0.38549618320610685
0 0.27099236641221375 0.2767175572519084 0.29389312977099236 0.3377862595419847 0.3511450381679389 0.3950381679389313 0.37595419847328243 0.41030534351145037 0.4770992366412214 0.42366412213740456 0.4637404580152672 0.3816793893129771 0.48282442748091603 0.3435114503816794 0.47900763358778625 0.33587786259541985 0.3435114503816794 0.2824427480916031
0 0.5610687022900763 0.20419847328244276 0.549618320610687 0.21946564885496184 0.5534351145038168 0.24045801526717558 0.5916030534351145 0.2767175572519084 0.6030534351145038 0.2729007633587786 0.7099236641221374 0.20610687022900764 0.75 0.13931297709923665 0.732824427480916 0.12595419847328243 0.666030534351145 0.12595419847328243
0 0.5381679389312977 0.15839694656488548 0.5419847328244275 0.20229007633587787 0.5515267175572519 0.21564885496183206 0.5916030534351145 0.1736641221374046 0.6583969465648855 0.12595419847328243 0.5935114503816794 0.12404580152671756
0 0.5324427480916031 0.07824427480916031 0.5381679389312977 0.13549618320610687 0.6870229007633588 0.08396946564885496 0.6793893129770993 0.07633587786259542 0.6240458015267175 0.07061068702290077
0 0.5 0.20038167938931298 0.49809160305343514 0.21946564885496184 0.5267175572519084 0.21755725190839695 0.5248091603053435 0.16793893129770993
0 0.3511450381679389 0.13931297709923665 0.3473282442748092 0.14885496183206107 0.3606870229007634 0.15839694656488548 0.38740458015267176 0.16221374045801526 0.49809160305343514 0.14694656488549618 0.5209923664122137 0.15267175572519084 0.5152671755725191 0.08206106870229007 0.5095419847328244 0.07824427480916031 0.4083969465648855 0.10305343511450382 0.3683206106870229 0.12213740458015267
0 0.5229007633587787 0.6202290076335878 0.5209923664122137 0.6469465648854962 0.5343511450381679 0.6812977099236641 0.583969465648855 0.7480916030534351 0.6049618320610687 0.7404580152671756 0.6698473282442748 0.6870229007633588 0.6774809160305344 0.6564885496183206 0.6736641221374046 0.6087786259541985 0.648854961832061 0.6087786259541985 0.6354961832061069 0.6164122137404581 0.6087786259541985 0.5858778625954199 0.5629770992366412 0.5706106870229007
0 0.6564885496183206 0.5343511450381679 0.6564885496183206 0.566793893129771 0.6851145038167938 0.6049618320610687 0.6793893129770993 0.6106870229007634 0.683206106870229 0.6297709923664122 0.7729007633587787 0.6812977099236641 0.8454198473282443 0.7022900763358778 0.8454198473282443 0.6736641221374046 0.8244274809160306 0.666030534351145 0.7767175572519084 0.6259541984732825 0.7652671755725191 0.5896946564885496 0.683206106870229 0.5534351145038168
0 0.8549618320610687 0.4083969465648855 0.8549618320610687 0.41603053435114506 0.8874045801526718 0.4351145038167939 0.8854961832061069 0.45610687022900764 0.8625954198473282 0.4770992366412214 0.9980916030534351 0.4751908396946565 0.9980916030534351 0.3816793893129771 0.9198473282442748 0.38549618320610685
0 0.0057251908396946565 0.4351145038167939 0 0.4351145038167939 0 0.5229007633587787 0.03244274809160305 0.5286259541984732 0.03435114503816794 0.4484732824427481
0 0.0019083969465648854 0.1297709923664122 0 0.22519083969465647 0.007633587786259542 0.22709923664122136 0.02480916030534351 0.22709923664122136 0.05725190839694656 0.20801526717557253 0.11259541984732824 0.15458015267175573 0.11259541984732824 0.1431297709923664 0.08396946564885496 0.12786259541984732
0 0.12213740458015267 0.11450381679389313 0.12404580152671756 0.14694656488549618 0.14122137404580154 0.16793893129770993 0.18129770992366412 0.18702290076335878 0.1984732824427481 0.183206106870229 0.20229007633587787 0.15648854961832062 0.18129770992366412 0.1297709923664122 0.13931297709923665 0.10687022900763359
0 0.21755725190839695 0.1049618320610687 0.3702290076335878 0.11450381679389313 0.4179389312977099 0.09732824427480916 0.37404580152671757 0.08396946564885496 0.2900763358778626 0.08396946564885496 0.25 0.08969465648854962
0 0.20801526717557253 0.12022900763358779 0.20610687022900764 0.12595419847328243 0.2652671755725191 0.15076335877862596 0.33396946564885494 0.15458015267175573 0.33969465648854963 0.14694656488549618 0.29770992366412213 0.1183206106870229 0.21946564885496184 0.1049618320610687
1 0.15076335877862596 0 0.12404580152671756 0 0.12404580152671756 0.007633587786259542 0.21374045801526717 0.1049618320610687 0.22709923664122136 0.08969465648854962 0.22519083969465647 0.06870229007633588