1 0.1946564885496183 0.6316793893129771 0.1946564885496183 0.6774809160305344 0.20801526717557253 0.7080152671755725 0.22709923664122136 0.732824427480916 0.27099236641221375 0.7614503816793893 0.3301526717557252 0.7290076335877863 0.42748091603053434 0.6450381679389313 0.44656488549618323 0.5763358778625954 0.48282442748091603 0.5 0.4637404580152672 0.4713740458015267 0.366412213740458 0.49236641221374045 0.29389312977099236 0.5381679389312977
1 0.49236641221374045 0.3511450381679389 0.4618320610687023 0.3969465648854962 0.4751908396946565 0.4351145038167939 0.4713740458015267 0.4713740458015267 0.5229007633587787 0.5706106870229007 0.5916030534351145 0.6030534351145038 0.6049618320610687 0.6297709923664122 0.6583969465648855 0.6145038167938931 0.6192748091603053 0.5734732824427481 0.6087786259541985 0.5515267175572519 0.6335877862595419 0.5305343511450382 0.6774809160305344 0.5152671755725191 0.6622137404580153 0.4732824427480916 0.6240458015267175 0.4312977099236641 0.5916030534351145 0.41603053435114506 0.5820610687022901 0.37595419847328243 0.5419847328244275 0.33969465648854963 0.5114503816793893 0.33969465648854963
1 0.04007633587786259 0.45610687022900764 0.04198473282442748 0.46946564885496184 0.12213740458015267 0.49236641221374045 0.21564885496183206 0.4961832061068702 0.2767175572519084 0.49236641221374045 0.33587786259541985 0.4770992366412214 0.36259541984732824 0.48854961832061067 0.4122137404580153 0.48282442748091603 0.46564885496183206 0.46946564885496184 0.46946564885496184 0.44274809160305345 0.3320610687022901 0.4198473282442748 0.1946564885496183 0.41412213740458015 0.12404580152671756 0.4217557251908397 0.05916030534351145 0.44274809160305345
1 0.12404580152671756 0.5725190839694656 0.0648854961832061 0.6221374045801527 0.07061068702290077 0.6278625954198473 0.1049618320610687 0.6183206106870229 0.20419847328244276 0.6125954198473282 0.2919847328244275 0.5362595419847328 0.3549618320610687 0.49809160305343514 0.35877862595419846 0.4866412213740458 0.32251908396946566 0.4847328244274809 0.24427480916030533 0.5038167938931297
1 0.6125954198473282 0.34923664122137404 0.5935114503816794 0.35877862595419846 0.5935114503816794 0.366412213740458 0.6240458015267175 0.37595419847328243 0.6335877862595419 0.39122137404580154 0.6622137404580153 0.4026717557251908 0.6698473282442748 0.4198473282442748 0.6603053435114504 0.42748091603053434 0.666030534351145 0.4446564885496183 0.7118320610687023 0.4866412213740458 0.7480916030534351 0.5343511450381679 0.7576335877862596 0.566793893129771 0.7442748091603053 0.6202290076335878 0.7576335877862596 0.6469465648854962 0.7805343511450382 0.6679389312977099 0.8225190839694656 0.6889312977099237 0.9141221374045801 0.7118320610687023 0.8969465648854962 0.6812977099236641 0.8969465648854962 0.6622137404580153 0.9312977099236641 0.6469465648854962 0.950381679389313 0.6297709923664122 0.8759541984732825 0.5801526717557252 0.8225190839694656 0.5248091603053435 0.8320610687022901 0.5 0.8625954198473282 0.4770992366412214 0.8645038167938931 0.4618320610687023 0.7270992366412213 0.3816793893129771 0.6507633587786259 0.3530534351145038
1 0.8320610687022901 0.5286259541984732 0.8664122137404581 0.5687022900763359 0.9217557251908397 0.6106870229007634 0.9465648854961832 0.6202290076335878 0.9561068702290076 0.6335877862595419 0.9522900763358778 0.6393129770992366 0.9980916030534351 0.6412213740458015 0.9980916030534351 0.6145038167938931 0.9561068702290076 0.583969465648855 0.8721374045801527 0.5400763358778626
1 0.6774809160305344 0.4866412213740458 0.683206106870229 0.5038167938931297 0.6774809160305344 0.5190839694656488 0.6374045801526718 0.5324427480916031 0.6354961832061069 0.5419847328244275 0.6717557251908397 0.5706106870229007 0.7385496183206107 0.6030534351145038 0.7557251908396947 0.5477099236641222 0.7118320610687023 0.49236641221374045
1 0.6965648854961832 0.35877862595419846 0.7022900763358778 0.3702290076335878 0.7557251908396947 0.3931297709923664 0.7977099236641222 0.38549618320610685 0.8225190839694656 0.3702290076335878 0.8645038167938931 0.3702290076335878 0.9980916030534351 0.34923664122137404 0.9980916030534351 0.25763358778625955 0.9599236641221374 0.2538167938931298 0.8854961832061069 0.26908396946564883 0.7442748091603053 0.32633587786259544
1 0.8015267175572519 0.37786259541984735 0.7938931297709924 0.38549618320610685 0.7557251908396947 0.3931297709923664 0.8225190839694656 0.4312977099236641 0.9370229007633588 0.3950381679389313 0.9904580152671756 0.3606870229007634 0.9809160305343512 0.3511450381679389
1 0.003816793893129771 0.25572519083969464 0.003816793893129771 0.28435114503816794 0.18129770992366412 0.28053435114503816 0.33587786259541985 0.2958015267175573 0.3893129770992366 0.2881679389312977 0.5744274809160306 0.3187022900763359 0.5877862595419847 0.30343511450381677 0.5725190839694656 0.2767175572519084 0.5114503816793893 0.25 0.44656488549618323 0.23282442748091603 0.3893129770992366 0.22709923664122136 0.32061068702290074 0.20419847328244276 0.2919847328244275 0.20610687022900764 0.24618320610687022 0.2366412213740458 0.1946564885496183 0.24618320610687022 0.08969465648854962 0.24427480916030533
1 0.003816793893129771 0.2881679389312977 0 0.3473282442748092 0.10877862595419847 0.3549618320610687 0.18129770992366412 0.3416030534351145 0.1736641221374046 0.33396946564885494 0.10114503816793893 0.32633587786259544
1 0.7423664122137404 0.04198473282442748 0.75 0.09732824427480916 0.7862595419847328 0.15648854961832062 0.8244274809160306 0.19274809160305342 0.9198473282442748 0.2480916030534351 0.9274809160305344 0.2480916030534351 0.9293893129770993 0.2099236641221374 0.9389312977099237 0.19083969465648856 0.933206106870229 0.16412213740458015 0.9408396946564885 0.1431297709923664 0.9599236641221374 0.13740458015267176 0.9885496183206107 0.15839694656488548 0.9980916030534351 0.15267175572519084 0.9980916030534351 0 0.7595419847328244 0
1 0.011450381679389313 0.04770992366412214 0 0.06870229007633588 0 0.11259541984732824 0.011450381679389313 0.12404580152671756 0.03816793893129771 0.10305343511450382 0.05725190839694656 0.04770992366412214 0.08206106870229007 0.007633587786259542 0.05343511450381679 0.013358778625954198
1 0.15648854961832062 0.0019083969465648854 0.1851145038167939 0.04961832061068702 0.22519083969465647 0.09351145038167939 0.23091603053435114 0.11450381679389313 0.25572519083969464 0.08969465648854962 0.2480916030534351 0.061068702290076333 0.1946564885496183 0.015267175572519083
1 0.11068702290076336 0.0057251908396946565 0.1049618320610687 0.019083969465648856 0.11641221374045801 0.05534351145038168 0.1431297709923664 0.07251908396946564 0.15076335877862596 0.04007633587786259 0.13549618320610687 0.019083969465648856
0 0.49809160305343514 0.6393129770992366 0.5038167938931297 0.6812977099236641 0.5534351145038168 0.75 0.5801526717557252 0.7404580152671756 0.6374045801526718 0.7022900763358778 0.6526717557251909 0.6450381679389313 0.6469465648854962 0.6221374045801527 0.601145038167939 0.6259541984732825 0.5801526717557252 0.5992366412213741 0.5400763358778626 0.583969465648855 0.5152671755725191 0.601145038167939
0 0.0019083969465648854 0.36259541984732824 0 0.42938931297709926 0.04389312977099236 0.44274809160305345 0.16793893129770993 0.41030534351145037 0.10687022900763359 0.383587786259542
0 0.29389312977099236 0.2958015267175573 0.28435114503816794 0.2958015267175573 0.2919847328244275 0.33396946564885494 0.3511450381679389 0.4083969465648855 0.37595419847328243 0.4217557251908397 0.4675572519083969 0.43320610687022904 0.4618320610687023 0.40458015267175573 0.4847328244274809 0.36450381679389315 0.4847328244274809 0.3473282442748092 0.37213740458015265 0.29770992366412213
0 0.7226469465648855 0.09669274809160305 0.6539446564885496 0.08142557251908397 0.5216278625954199 0.08524236641221375 0.3816793893129771 0.13358778625954199 0.368956106870229 0.1590324427480916 0.3905858778625954 0.1692118320610687 0.4770992366412214 0.1730286259541985 0.5661583969465648 0.1450381679389313 0.670482824427481 0.11577671755725191
0 0.7277347328244276 0.12341030534351145 0.6132309160305344 0.13486068702290077 0.5356240458015267 0.17684541984732824 0.5089064885496183 0.21246755725190838 0.5152671755725191 0.2379141221374046 0.5814255725190839 0.1972003816793893 0.6972003816793894 0.15139885496183206
0 0.769719465648855 0.13740458015267176 0.6946564885496184 0.1424942748091603 0.5776087786259542 0.20356297709923665 0.552162213740458 0.2595419847328244 0.5979637404580154 0.29262022900763357 0.7264637404580152 0.22010114503816794 0.745547709923664 0.18829580152671757 0.7760820610687023 0.14758206106870228
0 0.15648854961832062 0.10559732824427481 0.13994847328244275 0.12341030534351145 0.14758206106870228 0.16030534351145037 0.21755725190839695 0.19338358778625953 0.23028053435114504 0.16666603053435114 0.20229007633587787 0.1183206106870229
0 0.12213740458015267 0.12341030534351145 0.05725190839694656 0.12595419847328243 0.007633587786259542 0.1297709923664122 0 0.18066221374045802 0.005089694656488549 0.20101717557251908 0.06870229007633588 0.19338358778625953 0.10687022900763359 0.18066221374045802 0.1424942748091603 0.1450381679389313
0 0.2493645038167939 0.10178053435114504 0.31170419847328246 0.08269656488549618 0.4223912213740458 0.09033015267175572 0.45165458015267174 0.1043263358778626 0.4096698473282443 0.11704770992366412 0.30916030534351147 0.11195992366412214
0 0.22773473282442747 0.1208645038167939 0.25063549618320613 0.10050954198473283 0.32188358778625953 0.12341030534351145 0.3676851145038168 0.1450381679389313 0.3702290076335878 0.16030534351145037 0.2875324427480916 0.15648854961832062