1 0.007961783439490446 0.15764331210191082 0 0.1592356687898089 0 0.47611464968152867 0.011146496815286623 0.4713375796178344 0.044585987261146494 0.42356687898089174 0.07961783439490445 0.3487261146496815 0.14171974522292993 0.25796178343949044 0.17038216560509553 0.19585987261146498 0.16878980891719744 0.18152866242038215 0.15605095541401273 0.16719745222929935 0.05573248407643312 0.15605095541401273
1 0.22611464968152867 0.21815286624203822 0.23089171974522293 0.47929936305732485 0.23885350318471338 0.5334394904458599 0.2659235668789809 0.5923566878980892 0.4012738853503185 0.7229299363057324 0.49522292993630573 0.7786624203821656 0.6640127388535032 0.85828025477707 0.695859872611465 0.8901273885350318 0.697452229299363 0.8519108280254777 0.7054140127388535 0.8296178343949044 0.75 0.7595541401273885 0.7866242038216561 0.7165605095541401 0.8105095541401274 0.6576433121019108 0.8105095541401274 0.5573248407643312 0.7627388535031847 0.4442675159235669 0.7006369426751592 0.36942675159235666 0.6257961783439491 0.29936305732484075 0.5557324840764332 0.2515923566878981 0.40764331210191085 0.17038216560509553 0.321656050955414 0.1449044585987261 0.2914012738853503 0.1449044585987261 0.2611464968152866 0.160828025477707 0.24522292993630573 0.1767515923566879 0.2340764331210191 0.1910828025477707
1 0.01751592356687898 0.04936305732484077 0 0.04936305732484077 0.0031847133757961785 0.15605095541401273 0.07006369426751592 0.15445859872611464 0.11305732484076433 0.14012738853503184 0.2070063694267516 0.13853503184713375 0.1592356687898089 0.11624203821656051 0.11146496815286625 0.08439490445859872
1 0.12579617834394904 0.5605095541401274 0.12579617834394904 0.6003184713375797 0.1337579617834395 0.6242038216560509 0.16719745222929935 0.6671974522292994 0.17993630573248406 0.7197452229299363 0.2085987261146497 0.7515923566878981 0.27070063694267515 0.7770700636942676 0.2818471337579618 0.7627388535031847 0.3184713375796178 0.7436305732484076 0.3200636942675159 0.732484076433121 0.3089171974522293 0.7133757961783439 0.3343949044585987 0.6624203821656051 0.2659235668789809 0.5971337579617835 0.24363057324840764 0.5605095541401274 0.23089171974522293 0.5159235668789809 0.22452229299363058 0.3821656050955414 0.19904458598726116 0.40764331210191085 0.15605095541401273 0.4745222929936306
1 0.3853503184713376 0.8869426751592356 0.39012738853503187 0.9299363057324841 0.40764331210191085 0.9617834394904459 0.4410828025477707 0.9984076433121019 0.5684713375796179 0.9984076433121019 0.5748407643312102 0.9299363057324841 0.5652866242038217 0.9060509554140127 0.5334394904458599 0.856687898089172 0.4442675159235669 0.785031847133758 0.4028662420382166 0.8407643312101911
1 0.14331210191082802 0.9442675159235668 0.1464968152866242 0.9585987261146497 0.18471337579617833 0.9984076433121019 0.3837579617834395 0.9984076433121019 0.3359872611464968 0.9713375796178344 0.28503184713375795 0.9570063694267515 0.1942675159235669 0.9426751592356688
0 0.6528662420382165 0.19745222929936307 0.6273885350318471 0.2213375796178344 0.75 0.22611464968152867 0.9984076433121019 0.19585987261146498 0.9984076433121019 0.08121019108280254 0.9363057324840764 0.08280254777070063 0.8821656050955414 0.09394904458598727 0.7484076433121019 0.1449044585987261
0 0.6257961783439491 0.2802547770700637 0.6178343949044586 0.28821656050955413 0.6369426751592356 0.304140127388535 0.7404458598726115 0.3343949044585987 0.8821656050955414 0.39012738853503187 0.9984076433121019 0.41878980891719747 0.9952229299363057 0.2929936305732484 0.9410828025477707 0.2818471337579618 0.8232484076433121 0.27070063694267515 0.7085987261146497 0.26910828025477707
0 0.06528662420382166 0.3853503184713376 0.06210191082802548 0.4028662420382166 0.08280254777070063 0.40605095541401276 0.2054140127388535 0.39490445859872614 0.22452229299363058 0.37261146496815284 0.2229299363057325 0.32802547770700635 0.15127388535031847 0.32643312101910826 0.09394904458598727 0.34076433121019106 0.08121019108280254 0.3519108280254777
0 0.46337579617834396 0.18789808917197454 0.4601910828025478 0.1926751592356688 0.46656050955414013 0.20063694267515925 0.5334394904458599 0.23248407643312102 0.5732484076433121 0.18152866242038215 0.5748407643312102 0.15127388535031847 0.5652866242038217 0.12420382165605096 0.552547770700637 0.10987261146496816 0.5238853503184714 0.11624203821656051
0 0.1910828025477707 0.9219745222929936 0.21337579617834396 0.9426751592356688 0.28821656050955413 0.9554140127388535 0.35987261146496813 0.9792993630573248 0.37261146496815284 0.9808917197452229 0.40923566878980894 0.9697452229299363 0.3837579617834395 0.928343949044586 0.32961783439490444 0.9140127388535032 0.22929936305732485 0.9092356687898089
0 0.3471337579617834 0.8296178343949044 0.3519108280254777 0.8694267515923567 0.37898089171974525 0.9076433121019108 0.3980891719745223 0.8455414012738853 0.3614649681528662 0.8296178343949044
0 0.5636942675159236 0.8757961783439491 0.5621019108280255 0.89171974522293 0.5764331210191083 0.9203821656050956 0.5812101910828026 0.9570063694267515 0.6226114649681529 0.9442675159235668 0.660828025477707 0.9251592356687898 0.6687898089171974 0.9140127388535032 0.6560509554140127 0.89171974522293 0.6019108280254777 0.8503184713375797 0.5907643312101911 0.8519108280254777