1 0.37595419847328243 0.7080152671755725 0.37213740458015265 0.8148854961832062 0.3931297709923664 0.8740458015267175 0.44656488549618323 0.9465648854961832 0.4713740458015267 0.9656488549618321 0.49427480916030536 0.9675572519083969 0.5152671755725191 0.9809160305343512 0.5286259541984732 0.9675572519083969 0.566793893129771 0.8912213740458015 0.5858778625954199 0.8129770992366412 0.6297709923664122 0.7290076335877863 0.6316793893129771 0.7041984732824428 0.5801526717557252 0.33396946564885494 0.566793893129771 0.28053435114503816 0.5553435114503816 0.26717557251908397 0.5286259541984732 0.2786259541984733 0.49809160305343514 0.3110687022900763 0.4312977099236641 0.44083969465648853 0.38549618320610685 0.6183206106870229
1 0.03435114503816794 0.8835877862595419 0.03244274809160305 0.9866412213740458 0.04389312977099236 0.9942748091603053 0.1736641221374046 0.9141221374045801 0.24236641221374045 0.8435114503816794 0.31297709923664124 0.7862595419847328 0.37595419847328243 0.6774809160305344 0.3969465648854962 0.5400763358778626 0.42938931297709926 0.4312977099236641 0.40458015267175573 0.43702290076335876 0.2881679389312977 0.4961832061068702 0.18129770992366412 0.5858778625954199 0.10687022900763359 0.6774809160305344 0.06870229007633588 0.7461832061068703
1 0.6412213740458015 0.42366412213740456 0.6393129770992366 0.44656488549618323 0.6927480916030534 0.5534351145038168 0.7480916030534351 0.6393129770992366 0.816793893129771 0.7194656488549618 0.8625954198473282 0.7614503816793893 0.9312977099236641 0.8034351145038168 0.9980916030534351 0.8263358778625954 0.9980916030534351 0.5935114503816794 0.9122137404580153 0.517175572519084 0.7767175572519084 0.43702290076335876 0.6908396946564885 0.4083969465648855 0.666030534351145 0.41030534351145037
1 0.5763358778625954 0.2729007633587786 0.583969465648855 0.35877862595419846 0.5992366412213741 0.3931297709923664 0.6183206106870229 0.40076335877862596 0.683206106870229 0.35877862595419846 0.8740458015267175 0.15458015267175573 0.9141221374045801 0.12213740458015267 0.9440209923664121 0.07697137404580152 0.9980916030534351 0.026717557251908396 0.9980916030534351 0.0057251908396946565 0.8263358778625954 0.05534351145038168 0.6870229007633588 0.14694656488549618 0.6164122137404581 0.21755725190839695
1 0.21183206106870228 0.2633587786259542 0.2099236641221374 0.2729007633587786 0.25 0.28435114503816794 0.3377862595419847 0.26145038167938933 0.39122137404580154 0.2633587786259542 0.44656488549618323 0.27099236641221375 0.5038167938931297 0.2919847328244275 0.5305343511450382 0.2729007633587786 0.5305343511450382 0.2633587786259542 0.5038167938931297 0.23091603053435114 0.4541984732824427 0.18893129770992367 0.3816793893129771 0.16603053435114504 0.3187022900763359 0.17557251908396945 0.22519083969465647 0.24618320610687022
0 0.04389312977099236 0.28053435114503816 0.003816793893129771 0.2919847328244275 0.02480916030534351 0.3244274809160305 0.11259541984732824 0.4122137404580153 0.15648854961832062 0.4446564885496183 0.21564885496183206 0.46946564885496184 0.2958015267175573 0.4847328244274809 0.43320610687022904 0.4217557251908397 0.44083969465648853 0.41030534351145037 0.4122137404580153 0.37595419847328243 0.2748091603053435 0.2919847328244275 0.16603053435114504 0.26908396946564883
0 0.01717557251908397 0.6545801526717557 0.009541984732824428 0.6622137404580153 0.013358778625954198 0.666030534351145 0.02862595419847328 0.666030534351145 0.0916030534351145 0.6946564885496184 0.22137404580152673 0.5419847328244275 0.1946564885496183 0.5438931297709924 0.14885496183206107 0.5610687022900763
0 0.6183206106870229 0.5477099236641222 0.6278625954198473 0.6431297709923665 0.6374045801526718 0.6736641221374046 0.6354961832061069 0.7309160305343512 0.6526717557251909 0.7614503816793893 0.6526717557251909 0.7748091603053435 0.6965648854961832 0.8301526717557252 0.7958015267175572 0.9064885496183206 0.8091603053435115 0.8053435114503816 0.8015267175572519 0.75 0.7805343511450382 0.6851145038167938 0.7041984732824428 0.5896946564885496 0.648854961832061 0.5515267175572519
0 0.5038167938931297 0.9904580152671756 0.5019083969465649 0.9980916030534351 0.6068702290076335 0.9980916030534351 0.6335877862595419 0.9637404580152672 0.6545801526717557 0.898854961832061 0.6564885496183206 0.833969465648855 0.6297709923664122 0.7423664122137404 0.5896946564885496 0.8148854961832062 0.5706106870229007 0.8912213740458015 0.5305343511450382 0.9694656488549618
0 0.6603053435114504 0.7767175572519084 0.6526717557251909 0.7786259541984732 0.6603053435114504 0.8282442748091603 0.683206106870229 0.8797709923664122 0.7080152671755725 0.9122137404580153 0.7748091603053435 0.9713740458015268 0.8244274809160306 0.9980916030534351 0.8435114503816794 0.9980916030534351 0.8377862595419847 0.8893129770992366 0.816793893129771 0.8244274809160306 0.8015267175572519 0.9026717557251909 0.7843511450381679 0.9026717557251909 0.7041984732824428 0.8358778625954199 0.6641221374045801 0.7900763358778626
0 0.7442748091603053 0.41412213740458015 0.7442748091603053 0.4217557251908397 0.851145038167939 0.4732824427480916 0.898854961832061 0.5038167938931297 0.9522900763358778 0.5534351145038168 0.9980916030534351 0.5763358778625954 0.9980916030534351 0.3702290076335878 0.9312977099236641 0.3683206106870229 0.8244274809160306 0.37786259541984735 0.7824427480916031 0.39122137404580154
0 0.42748091603053434 0.2748091603053435 0.41412213740458015 0.2786259541984733 0.43320610687022904 0.2900763358778626 0.4351145038167939 0.32251908396946566 0.4637404580152672 0.35877862595419846 0.49427480916030536 0.2958015267175573
0 0.35877862595419846 0.0916030534351145 0.3568702290076336 0.16793893129770993 0.4026717557251908 0.16603053435114504 0.46946564885496184 0.1984732824427481 0.5343511450381679 0.2633587786259542 0.5744274809160306 0.26145038167938933 0.5744274809160306 0.20419847328244276 0.5648854961832062 0.15458015267175573 0.5152671755725191 0.07251908396946564 0.48091603053435117 0.03625954198473282 0.42748091603053434 0 0.3893129770992366 0 0.37595419847328243 0.015267175572519083
0 0.2958015267175573 0.2786259541984733 0.2881679389312977 0.2862595419847328 0.29389312977099236 0.29770992366412213 0.3511450381679389 0.3320610687022901 0.37213740458015265 0.3320610687022901 0.38549618320610685 0.30343511450381677 0.38549618320610685 0.26908396946564883 0.34923664122137404 0.2633587786259542
0 0.1851145038167939 0.22519083969465647 0.1851145038167939 0.2595419847328244 0.20419847328244276 0.26908396946564883 0.21946564885496184 0.2480916030534351 0.29961832061068705 0.1851145038167939 0.33396946564885494 0.16603053435114504 0.3549618320610687 0.16603053435114504 0.35877862595419846 0.061068702290076333 0.38549618320610685 0 0.27099236641221375 0 0.2366412213740458 0.06870229007633588
0 0.47900763358778625 0.02480916030534351 0.47900763358778625 0.03435114503816794 0.5190839694656488 0.07442748091603053 0.5648854961832062 0.15076335877862596 0.5801526717557252 0.23091603053435114 0.601145038167939 0.23282442748091603 0.6603053435114504 0.16412213740458015 0.6564885496183206 0.14694656488549618 0.6106870229007634 0.08396946564885496 0.566793893129771 0.04389312977099236 0.5133587786259542 0.02480916030534351
0 0.8244274809160306 0 0.5687022900763359 0 0.666030534351145 0.08778625954198473 0.7175572519083969 0.1183206106870229 0.7270992366412213 0.1183206106870229 0.8416030534351145 0.04389312977099236