1 0.29770992366412213 0.5381679389312977 0.2786259541984733 0.6354961832061069 0.2862595419847328 0.6545801526717557 0.32061068702290074 0.6812977099236641 0.3969465648854962 0.7137404580152672 0.4541984732824427 0.7061068702290076 0.5209923664122137 0.6583969465648855 0.6145038167938931 0.5572519083969466 0.6679389312977099 0.4866412213740458 0.6851145038167938 0.44274809160305345 0.6870229007633588 0.41412213740458015 0.6431297709923665 0.3549618320610687 0.5763358778625954 0.30725190839694655 0.5114503816793893 0.28435114503816794 0.45610687022900764 0.2881679389312977 0.41030534351145037 0.31679389312977096 0.37213740458015265 0.3568702290076336 0.34541984732824427 0.40076335877862596
1 0.5706106870229007 0.16984732824427481 0.5706106870229007 0.21564885496183206 0.5610687022900763 0.23282442748091603 0.6068702290076335 0.25190839694656486 0.7270992366412213 0.28053435114503816 0.7690839694656488 0.2595419847328244 0.799618320610687 0.25572519083969464 0.8034351145038168 0.24618320610687022 0.799618320610687 0.1851145038167939 0.7729007633587787 0.08015267175572519 0.7595419847328244 0.05534351145038168 0.7156488549618321 0.007633587786259542 0.648854961832061 0.02099236641221374 0.6164122137404581 0.05343511450381679 0.5973282442748091 0.08969465648854962 0.6545801526717557 0.14885496183206107 0.6603053435114504 0.18129770992366412 0.6450381679389313 0.18893129770992367 0.6164122137404581 0.16221374045801526 0.583969465648855 0.1450381679389313 0.5763358778625954 0.14885496183206107
1 0.4770992366412214 0 0.3416030534351145 0 0.366412213740458 0.08969465648854962 0.38549618320610685 0.10114503816793893 0.45229007633587787 0.10114503816793893 0.5229007633587787 0.1183206106870229 0.5973282442748091 0.14694656488549618 0.6583969465648855 0.1946564885496183 0.6583969465648855 0.16793893129770993 0.6335877862595419 0.12595419847328243
1 0.30916030534351147 0.9847328244274809 0.3053435114503817 0.9980916030534351 0.3683206106870229 0.9980916030534351 0.3969465648854962 0.9599236641221374 0.4770992366412214 0.8835877862595419 0.5095419847328244 0.7958015267175572 0.5343511450381679 0.7557251908396947 0.6431297709923665 0.6793893129770993 0.648854961832061 0.6393129770992366 0.6431297709923665 0.6125954198473282 0.6164122137404581 0.6068702290076335 0.5744274809160306 0.6183206106870229 0.5114503816793893 0.6755725190839694 0.37404580152671757 0.8606870229007634
1 0.4732824427480916 0.9293893129770993 0.4732824427480916 0.9885496183206107 0.5057251908396947 0.9942748091603053 0.6393129770992366 0.9255725190839694 0.6622137404580153 0.8778625954198473 0.6736641221374046 0.8282442748091603 0.7099236641221374 0.767175572519084 0.7538167938931297 0.6183206106870229 0.7538167938931297 0.5763358778625954 0.7270992366412213 0.6183206106870229 0.6851145038167938 0.6641221374045801 0.6450381679389313 0.6812977099236641 0.6221374045801527 0.7022900763358778 0.549618320610687 0.7423664122137404 0.5324427480916031 0.7614503816793893 0.5057251908396947 0.8129770992366412
1 0.75 0.5076335877862596 0.7614503816793893 0.5687022900763359 0.7595419847328244 0.6049618320610687 0.7385496183206107 0.6603053435114504 0.7251908396946565 0.7385496183206107 0.7461832061068703 0.7614503816793893 0.767175572519084 0.7652671755725191 0.799618320610687 0.7404580152671756 0.8416030534351145 0.7404580152671756 0.8492366412213741 0.7194656488549618 0.8721374045801527 0.7022900763358778 0.9045801526717557 0.6583969465648855 0.9141221374045801 0.45038167938931295 0.9064885496183206 0.4351145038167939 0.9064885496183206 0.39122137404580154 0.8874045801526718 0.3606870229007634 0.8893129770992366 0.3530534351145038 0.8759541984732825 0.3549618320610687 0.8606870229007634 0.3702290076335878
1 0.8969465648854962 0.3015267175572519 0.8950381679389313 0.3568702290076336 0.9103053435114504 0.3893129770992366 0.9885496183206107 0.4732824427480916 0.9980916030534351 0.4732824427480916 0.9980916030534351 0.33396946564885494 0.950381679389313 0.29770992366412213
0 0.1946564885496183 0.02099236641221374 0.19274809160305342 0.06297709923664122 0.21183206106870228 0.1183206106870229 0.2729007633587786 0.20801526717557253 0.30916030534351147 0.2366412213740458 0.37213740458015265 0.2652671755725191 0.41412213740458015 0.26908396946564883 0.4064885496183206 0.23091603053435114 0.3435114503816794 0.1450381679389313 0.26908396946564883 0.07633587786259542 0.20801526717557253 0.04007633587786259 0.20038167938931298 0.015267175572519083
0 0.38740458015267176 0.10114503816793893 0.383587786259542 0.10687022900763359 0.4064885496183206 0.15267175572519084 0.4618320610687023 0.24045801526717558 0.4770992366412214 0.2480916030534351 0.5057251908396947 0.22709923664122136 0.5076335877862596 0.21183206106870228 0.4904580152671756 0.15648854961832062 0.46946564885496184 0.11068702290076336 0.4389312977099237 0.10114503816793893
0 0.2824427480916031 0.666030534351145 0.2824427480916031 0.7786259541984732 0.2958015267175573 0.8072519083969466 0.29961832061068705 0.8549618320610687 0.30343511450381677 0.8606870229007634 0.30916030534351147 0.8530534351145038 0.3282442748091603 0.8664122137404581 0.33587786259541985 0.9026717557251909 0.3435114503816794 0.9064885496183206 0.3606870229007634 0.8778625954198473 0.3931297709923664 0.7175572519083969 0.2900763358778626 0.6622137404580153
0 0.7805343511450382 0.31679389312977096 0.7748091603053435 0.33396946564885494 0.7843511450381679 0.3549618320610687 0.7805343511450382 0.37786259541984735 0.8187022900763359 0.4198473282442748 0.8835877862595419 0.34541984732824427 0.8854961832061069 0.3148854961832061 0.8587786259541985 0.2767175572519084 0.8301526717557252 0.27099236641221375 0.8129770992366412 0.2786259541984733
0 0.8702290076335878 0.7080152671755725 0.8683206106870229 0.7137404580152672 0.9541984732824428 0.8320610687022901 0.9980916030534351 0.8778625954198473 0.9980916030534351 0.7843511450381679 0.9141221374045801 0.6698473282442748 0.9064885496183206 0.6679389312977099
1 0.9141221374045801 0.3950381679389313 0.9179389312977099 0.5534351145038168 0.9541984732824428 0.5229007633587787 0.9790076335877863 0.4675572519083969