1 0.2881679389312977 0.3702290076335878 0.1851145038167939 0.5019083969465649 0.22900763358778625 0.5114503816793893 0.29961832061068705 0.5572519083969466 0.33587786259541985 0.5706106870229007 0.33969465648854963 0.5801526717557252 0.4904580152671756 0.6068702290076335 0.5114503816793893 0.5992366412213741 0.5190839694656488 0.6087786259541985 0.6603053435114504 0.5782442748091603 0.6946564885496184 0.5477099236641222 0.6965648854961832 0.4713740458015267 0.6698473282442748 0.45229007633587787 0.6507633587786259 0.38740458015267176 0.5954198473282443 0.3320610687022901 0.5629770992366412 0.31297709923664124 0.5248091603053435 0.26908396946564883 0.43702290076335876 0.2633587786259542 0.38740458015267176 0.2767175572519084 0.3549618320610687 0.30343511450381677 0.31297709923664124 0.3549618320610687
1 0.2366412213740458 0.5534351145038168 0.2385496183206107 0.6068702290076335 0.25 0.6183206106870229 0.3282442748091603 0.6393129770992366 0.4217557251908397 0.6793893129770993 0.5419847328244275 0.6755725190839694 0.5916030534351145 0.6622137404580153 0.6622137404580153 0.6068702290076335 0.6641221374045801 0.5935114503816794 0.6603053435114504 0.5763358778625954 0.6316793893129771 0.5896946564885496 0.4847328244274809 0.6068702290076335 0.33969465648854963 0.5782442748091603 0.3053435114503817 0.6030534351145038 0.2786259541984733 0.5801526717557252 0.26717557251908397 0.5572519083969466
1 0.5114503816793893 0.7385496183206107 0.5076335877862596 0.7576335877862596 0.517175572519084 0.8091603053435115 0.5438931297709924 0.8225190839694656 0.5610687022900763 0.8206106870229007 0.5687022900763359 0.8301526717557252 0.6049618320610687 0.8206106870229007 0.6164122137404581 0.7824427480916031 0.6755725190839694 0.7041984732824428 0.6889312977099237 0.6698473282442748 0.6870229007633588 0.5687022900763359 0.6698473282442748 0.5706106870229007 0.6641221374045801 0.583969465648855 0.6393129770992366 0.5896946564885496 0.5858778625954199 0.6583969465648855 0.5458015267175572 0.6774809160305344
1 0.5381679389312977 0.2480916030534351 0.5362595419847328 0.26717557251908397 0.5629770992366412 0.30725190839694655 0.583969465648855 0.32251908396946566 0.5954198473282443 0.32251908396946566 0.6450381679389313 0.37786259541984735 0.7080152671755725 0.4122137404580153 0.7118320610687023 0.4255725190839695 0.7404580152671756 0.42938931297709926 0.7690839694656488 0.45229007633587787 0.8034351145038168 0.45610687022900764 0.8110687022900763 0.4255725190839695 0.8015267175572519 0.37595419847328243 0.7690839694656488 0.3244274809160305 0.7290076335877863 0.2862595419847328 0.7099236641221374 0.24427480916030533 0.6870229007633588 0.21946564885496184 0.6068702290076335 0.18702290076335878
1 0.700381679389313 0.19083969465648856 0.7022900763358778 0.22709923664122136 0.7881679389312977 0.19274809160305342 0.8263358778625954 0.20229007633587787 0.851145038167939 0.22328244274809161 0.8664122137404581 0.25 0.8587786259541985 0.29961832061068705 0.8645038167938931 0.36259541984732824 0.8358778625954199 0.41603053435114506 0.833969465648855 0.44083969465648853 0.8950381679389313 0.41030534351145037 0.9217557251908397 0.37213740458015265 0.9389312977099237 0.30916030534351147 0.9045801526717557 0.2633587786259542 0.8683206106870229 0.14694656488549618 0.8244274809160306 0.13931297709923665 0.7862595419847328 0.12022900763358779 0.7041984732824428 0.17748091603053434
1 0.8358778625954199 0.4446564885496183 0.833969465648855 0.4599236641221374 0.8416030534351145 0.4675572519083969 0.9045801526717557 0.4904580152671756 0.9179389312977099 0.5019083969465649 0.9293893129770993 0.5286259541984732 0.950381679389313 0.5400763358778626 0.9599236641221374 0.5286259541984732 0.9599236641221374 0.4484732824427481 0.9732824427480916 0.37786259541984735 0.9637404580152672 0.3797709923664122 0.9561068702290076 0.3969465648854962 0.8683206106870229 0.42366412213740456
1 0.8187022900763359 0.49427480916030536 0.8263358778625954 0.5458015267175572 0.8396946564885496 0.5744274809160306 0.8263358778625954 0.6450381679389313 0.8206106870229007 0.7385496183206107 0.8282442748091603 0.8072519083969466 0.8034351145038168 0.8473282442748091 0.7099236641221374 0.9122137404580153 0.7232824427480916 0.9522900763358778 0.7385496183206107 0.9637404580152672 0.7919847328244275 0.9656488549618321 0.833969465648855 0.9351145038167938 0.8645038167938931 0.8129770992366412 0.9122137404580153 0.7232824427480916 0.9312977099236641 0.6717557251908397 0.9351145038167938 0.6221374045801527 0.9064885496183206 0.5458015267175572 0.8530534351145038 0.4847328244274809 0.8416030534351145 0.48091603053435117
1 0.7194656488549618 0.6545801526717557 0.7080152671755725 0.6889312977099237 0.7213740458015268 0.7080152671755725 0.767175572519084 0.700381679389313 0.8225190839694656 0.6774809160305344 0.8244274809160306 0.6431297709923665 0.8091603053435115 0.6106870229007634 0.8320610687022901 0.5610687022900763 0.8244274809160306 0.5477099236641222 0.8091603053435115 0.5438931297709924 0.816793893129771 0.5019083969465649 0.7748091603053435 0.5515267175572519 0.75 0.6183206106870229
0 0.20419847328244276 0.7041984732824428 0.19274809160305342 0.7538167938931297 0.2480916030534351 0.7729007633587787 0.33396946564885494 0.7843511450381679 0.38740458015267176 0.7690839694656488 0.383587786259542 0.75 0.3931297709923664 0.7442748091603053 0.40458015267175573 0.7423664122137404 0.4122137404580153 0.7538167938931297 0.4217557251908397 0.7538167938931297 0.4751908396946565 0.7099236641221374 0.48854961832061067 0.683206106870229 0.45610687022900764 0.6774809160305344 0.4198473282442748 0.6812977099236641 0.37213740458015265 0.6564885496183206 0.2748091603053435 0.6335877862595419 0.24045801526717558 0.6545801526717557
0 0.3377862595419847 0.7881679389312977 0.3377862595419847 0.816793893129771 0.3606870229007634 0.8797709923664122 0.41412213740458015 0.9637404580152672 0.44656488549618323 0.9980916030534351 0.7519083969465649 0.9980916030534351 0.7061068702290076 0.9408396946564885 0.5896946564885496 0.8396946564885496 0.5248091603053435 0.8187022900763359 0.4961832061068702 0.7919847328244275 0.4217557251908397 0.7690839694656488 0.3969465648854962 0.7690839694656488
0 0.6851145038167938 0.6870229007633588 0.5858778625954199 0.8282442748091603 0.6164122137404581 0.8625954198473282 0.6316793893129771 0.8645038167938931 0.6545801526717557 0.8549618320610687 0.6927480916030534 0.8072519083969466 0.700381679389313 0.7729007633587787 0.6984732824427481 0.732824427480916
0 0.9045801526717557 0.7767175572519084 0.9980916030534351 0.8645038167938931 0.9980916030534351 0.8206106870229007 0.9370229007633588 0.7748091603053435