1 0.3148854961832061 0.4961832061068702 0.3015267175572519 0.6393129770992366 0.3053435114503817 0.7061068702290076 0.3187022900763359 0.7423664122137404 0.3549618320610687 0.8072519083969466 0.41030534351145037 0.8625954198473282 0.4904580152671756 0.8854961832061069 0.5687022900763359 0.8187022900763359 0.6698473282442748 0.7041984732824428 0.6851145038167938 0.6545801526717557 0.6774809160305344 0.5992366412213741 0.6507633587786259 0.5076335877862596 0.5820610687022901 0.36450381679389315 0.5820610687022901 0.33396946564885494 0.5648854961832062 0.2786259541984733 0.5553435114503816 0.27099236641221375 0.5534351145038168 0.2366412213740458 0.5400763358778626 0.1946564885496183 0.5095419847328244 0.16793893129770993 0.4389312977099237 0.1736641221374046 0.41412213740458015 0.19274809160305342 0.4026717557251908 0.21183206106870228
1 0.0648854961832061 0.35877862595419846 0.04961832061068702 0.4312977099236641 0.12022900763358779 0.5725190839694656 0.11068702290076336 0.6221374045801527 0.16984732824427481 0.6202290076335878 0.2538167938931298 0.5744274809160306 0.30916030534351147 0.5152671755725191 0.3416030534351145 0.3549618320610687 0.3568702290076336 0.3282442748091603 0.3969465648854962 0.19083969465648856 0.40076335877862596 0.1297709923664122 0.3549618320610687 0.12213740458015267 0.3015267175572519 0.13931297709923665 0.15648854961832062 0.22519083969465647 0.14694656488549618 0.23282442748091603 0.14885496183206107 0.25 0.13549618320610687 0.2633587786259542 0.12213740458015267 0.2633587786259542 0.0916030534351145 0.3110687022900763 0.08587786259541985 0.33396946564885494
1 0.549618320610687 0.12595419847328243 0.5438931297709924 0.16221374045801526 0.5591603053435115 0.20610687022900764 0.5687022900763359 0.21374045801526717 0.5973282442748091 0.31297709923664124 0.6183206106870229 0.3530534351145038 0.6374045801526718 0.4599236641221374 0.6927480916030534 0.6297709923664122 0.7404580152671756 0.6755725190839694 0.8320610687022901 0.7175572519083969 0.9026717557251909 0.7175572519083969 0.9351145038167938 0.7061068702290076 0.9980916030534351 0.6412213740458015 0.9961832061068703 0.4179389312977099 0.9484732824427481 0.3568702290076336 0.851145038167939 0.2595419847328244 0.7404580152671756 0.17748091603053434 0.6736641221374046 0.13931297709923665 0.6297709923664122 0.12404580152671756 0.583969465648855 0.11641221374045801
1 0.49809160305343514 0.8816793893129771 0.49809160305343514 0.8969465648854962 0.5610687022900763 0.898854961832061 0.6240458015267175 0.8950381679389313 0.7041984732824428 0.8778625954198473 0.732824427480916 0.8549618320610687 0.8110687022900763 0.7194656488549618 0.7404580152671756 0.6812977099236641 0.7099236641221374 0.6526717557251909 0.6927480916030534 0.6507633587786259 0.6736641221374046 0.7080152671755725 0.6354961832061069 0.7423664122137404 0.5744274809160306 0.8187022900763359
1 0.06679389312977099 0.7022900763358778 0.07061068702290077 0.732824427480916 0.08778625954198473 0.7442748091603053 0.1049618320610687 0.7213740458015268 0.14694656488549618 0.7290076335877863 0.17938931297709923 0.7041984732824428 0.21755725190839695 0.6984732824427481 0.24045801526717558 0.6793893129770993 0.25763358778625955 0.6507633587786259 0.2958015267175573 0.6297709923664122 0.30725190839694655 0.5305343511450382 0.2786259541984733 0.5458015267175572 0.2538167938931298 0.5782442748091603 0.22519083969465647 0.5858778625954199 0.20610687022900764 0.6068702290076335 0.09541984732824428 0.6259541984732825
1 0.13740458015267176 0.7385496183206107 0.14122137404580154 0.8072519083969466 0.16793893129770993 0.8587786259541985 0.20419847328244276 0.8854961832061069 0.21564885496183206 0.851145038167939 0.20801526717557253 0.8129770992366412 0.21946564885496184 0.7938931297709924 0.21946564885496184 0.7729007633587787 0.25572519083969464 0.7576335877862596 0.2958015267175573 0.7099236641221374 0.3015267175572519 0.6603053435114504 0.29389312977099236 0.6412213740458015 0.26717557251908397 0.6469465648854962 0.24618320610687022 0.6774809160305344 0.20610687022900764 0.7022900763358778 0.18129770992366412 0.7041984732824428
1 0.44656488549618323 0.9103053435114504 0.45229007633587787 0.9580152671755725 0.46946564885496184 0.9980916030534351 0.6335877862595419 0.9980916030534351 0.5935114503816794 0.9675572519083969 0.6145038167938931 0.9064885496183206 0.6087786259541985 0.9007633587786259
1 0.2919847328244275 0.8129770992366412 0.2881679389312977 0.8683206106870229 0.32251908396946566 0.9179389312977099 0.37404580152671757 0.9541984732824428 0.40076335877862596 0.9637404580152672 0.4484732824427481 0.9580152671755725 0.43702290076335876 0.916030534351145 0.3988549618320611 0.9217557251908397 0.3893129770992366 0.9083969465648855 0.3950381679389313 0.8950381679389313 0.3702290076335878 0.8606870229007634 0.3606870229007634 0.8187022900763359
1 0.11068702290076336 0.799618320610687 0.11068702290076336 0.8187022900763359 0.09351145038167939 0.8549618320610687 0.13549618320610687 0.8587786259541985 0.17748091603053434 0.9122137404580153 0.1946564885496183 0.9064885496183206 0.23091603053435114 0.916030534351145 0.28435114503816794 0.9541984732824428 0.30343511450381677 0.9465648854961832 0.3187022900763359 0.916030534351145 0.2824427480916031 0.8549618320610687 0.22328244274809161 0.8530534351145038 0.19274809160305342 0.8854961832061069 0.16030534351145037 0.8530534351145038 0.14885496183206107 0.8225190839694656 0.12022900763358779 0.799618320610687
1 0.10687022900763359 0.17748091603053434 0.10114503816793893 0.1946564885496183 0.1049618320610687 0.21946564885496184 0.12213740458015267 0.22328244274809161 0.15267175572519084 0.21183206106870228 0.15839694656488548 0.21946564885496184 0.21374045801526717 0.183206106870229 0.3282442748091603 0.1316793893129771 0.3549618320610687 0.11259541984732824 0.3301526717557252 0.09732824427480916 0.2786259541984733 0.08778625954198473 0.2099236641221374 0.10687022900763359 0.13549618320610687 0.1431297709923664
1 0.32633587786259544 0.06870229007633588 0.32061068702290074 0.09351145038167939 0.3797709923664122 0.12022900763358779 0.41603053435114506 0.12022900763358779 0.4484732824427481 0.15076335877862596 0.4599236641221374 0.14885496183206107 0.4580152671755725 0.11641221374045801 0.48282442748091603 0.10877862595419847 0.49427480916030536 0.12022900763358779 0.5114503816793893 0.11450381679389313 0.5152671755725191 0.10114503816793893 0.5133587786259542 0.05343511450381679 0.5038167938931297 0.02480916030534351 0.49427480916030536 0.01717557251908397 0.4351145038167939 0.04198473282442748 0.40458015267175573 0.03435114503816794 0.3683206106870229 0.03816793893129771
1 0.5973282442748091 0.05534351145038168 0.5935114503816794 0.07442748091603053 0.6469465648854962 0.08969465648854962 0.7213740458015268 0.12786259541984732 0.8072519083969466 0.22137404580152673 0.8320610687022901 0.23473282442748092 0.8225190839694656 0.13740458015267176 0.7748091603053435 0.12022900763358779 0.7137404580152672 0.05916030534351145 0.6431297709923665 0.04580152671755725 0.6164122137404581 0.04580152671755725
1 0.003816793893129771 0.700381679389313 0 0.8396946564885496 0.08396946564885496 0.7729007633587787 0.08015267175572519 0.7576335877862596 0.05534351145038168 0.7385496183206107 0.05343511450381679 0.7290076335877863 0.06679389312977099 0.683206106870229