1 0.3511450381679389 0.5209923664122137 0.34923664122137404 0.5400763358778626 0.3606870229007634 0.5744274809160306 0.4618320610687023 0.6507633587786259 0.49427480916030536 0.666030534351145 0.5114503816793893 0.666030534351145 0.5324427480916031 0.6851145038167938 0.5916030534351145 0.6717557251908397 0.6278625954198473 0.6507633587786259 0.6564885496183206 0.6278625954198473 0.6965648854961832 0.5725190839694656 0.6984732824427481 0.5286259541984732 0.6851145038167938 0.45038167938931295 0.6622137404580153 0.3893129770992366 0.6106870229007634 0.29770992366412213 0.566793893129771 0.2633587786259542 0.4961832061068702 0.2633587786259542 0.4675572519083969 0.2862595419847328 0.40458015267175573 0.38740458015267176
1 0.015267175572519083 0.4637404580152672 0.007633587786259542 0.48091603053435117 0.013358778625954198 0.5095419847328244 0.12022900763358779 0.5820610687022901 0.21564885496183206 0.583969465648855 0.2881679389312977 0.5610687022900763 0.3416030534351145 0.5267175572519084 0.38740458015267176 0.4351145038167939 0.3969465648854962 0.3969465648854962 0.46946564885496184 0.26908396946564883 0.46946564885496184 0.2366412213740458 0.4064885496183206 0.23473282442748092 0.33969465648854963 0.25 0.20610687022900764 0.30916030534351147 0.10687022900763359 0.37213740458015265
1 0.13549618320610687 0.3301526717557252 0.13358778625954199 0.3435114503816794 0.14885496183206107 0.34541984732824427 0.3282442748091603 0.23473282442748092 0.42748091603053434 0.23091603053435114 0.4446564885496183 0.22709923664122136 0.44274809160305345 0.22137404580152673 0.42938931297709926 0.21374045801526717 0.42748091603053434 0.20229007633587787 0.3988549618320611 0.19083969465648856 0.30725190839694655 0.20038167938931298 0.25572519083969464 0.23282442748091603 0.20801526717557253 0.24427480916030533 0.1946564885496183 0.2919847328244275 0.15267175572519084 0.31297709923664124
1 0.6049618320610687 0.24427480916030533 0.6068702290076335 0.2767175572519084 0.6259541984732825 0.31297709923664124 0.6545801526717557 0.34541984732824427 0.6603053435114504 0.37786259541984735 0.6946564885496184 0.46564885496183206 0.7385496183206107 0.49427480916030536 0.7824427480916031 0.5114503816793893 0.8587786259541985 0.5248091603053435 0.8683206106870229 0.48282442748091603 0.9141221374045801 0.4179389312977099 0.916030534351145 0.39122137404580154 0.8854961832061069 0.3416030534351145 0.833969465648855 0.29961832061068705 0.7958015267175572 0.2900763358778626 0.7576335877862596 0.26717557251908397 0.7251908396946565 0.2633587786259542 0.6984732824427481 0.25 0.6736641221374046 0.25 0.648854961832061 0.2366412213740458
1 0.22709923664122136 0.583969465648855 0.22328244274809161 0.5916030534351145 0.30343511450381677 0.6793893129770993 0.45229007633587787 0.6965648854961832 0.5267175572519084 0.6908396946564885 0.5076335877862596 0.6698473282442748 0.46946564885496184 0.6583969465648855 0.3950381679389313 0.5992366412213741 0.36450381679389315 0.583969465648855 0.3416030534351145 0.5419847328244275
1 0.9045801526717557 0.3606870229007634 0.9217557251908397 0.3950381679389313 0.9198473282442748 0.41603053435114506 0.9122137404580153 0.4351145038167939 0.8683206106870229 0.4866412213740458 0.8683206106870229 0.5114503816793893 0.8587786259541985 0.5267175572519084 0.7805343511450382 0.5133587786259542 0.732824427480916 0.49236641221374045 0.7118320610687023 0.4751908396946565 0.6927480916030534 0.4713740458015267 0.7041984732824428 0.5305343511450382 0.7232824427480916 0.5343511450381679 0.7709923664122137 0.566793893129771 0.8072519083969466 0.5706106870229007 0.8377862595419847 0.5858778625954199 0.8759541984732825 0.5782442748091603 0.8854961832061069 0.5916030534351145 0.9026717557251909 0.5935114503816794 0.9141221374045801 0.5706106870229007 0.8931297709923665 0.5419847328244275 0.8874045801526718 0.5114503816793893 0.9103053435114504 0.4675572519083969 0.9389312977099237 0.4389312977099237 0.9427480916030534 0.42366412213740456 0.9599236641221374 0.4122137404580153 0.9351145038167938 0.3816793893129771 0.916030534351145 0.37786259541984735
1 0.40076335877862596 0.700381679389313 0.4122137404580153 0.75 0.3702290076335878 0.7652671755725191 0.35877862595419846 0.7843511450381679 0.37786259541984735 0.7958015267175572 0.4312977099236641 0.8034351145038168 0.5076335877862596 0.8358778625954199 0.4961832061068702 0.8129770992366412 0.5400763358778626 0.7690839694656488 0.566793893129771 0.7022900763358778 0.5324427480916031 0.6965648854961832
1 0.4904580152671756 0.19274809160305342 0.4904580152671756 0.22137404580152673 0.5190839694656488 0.22900763358778625 0.5381679389312977 0.21183206106870228 0.549618320610687 0.22519083969465647 0.549618320610687 0.2480916030534351 0.6374045801526718 0.22900763358778625 0.6717557251908397 0.2099236641221374 0.6278625954198473 0.1851145038167939 0.549618320610687 0.1851145038167939 0.5152671755725191 0.1736641221374046 0.5019083969465649 0.17557251908396945
0 0.47900763358778625 0.8969465648854962 0.47900763358778625 0.9274809160305344 0.5057251908396947 0.9637404580152672 0.5992366412213741 0.9942748091603053 0.7041984732824428 0.9809160305343512 0.7480916030534351 0.9599236641221374 0.7614503816793893 0.9446564885496184 0.767175572519084 0.9122137404580153 0.7652671755725191 0.8740458015267175 0.7557251908396947 0.851145038167939 0.6851145038167938 0.7519083969465649 0.6526717557251909 0.7270992366412213 0.5801526717557252 0.7442748091603053 0.566793893129771 0.7557251908396947 0.5343511450381679 0.7958015267175572
0 0.8072519083969466 0.7118320610687023 0.8053435114503816 0.7251908396946565 0.8320610687022901 0.7958015267175572 0.8606870229007634 0.9236641221374046 0.898854961832061 0.9732824427480916 0.9312977099236641 0.9980916030534351 0.9980916030534351 0.9980916030534351 0.9980916030534351 0.7843511450381679 0.8874045801526718 0.7270992366412213
0 0.8969465648854962 0.6049618320610687 0.8950381679389313 0.6202290076335878 0.9980916030534351 0.6698473282442748 0.9980916030534351 0.583969465648855 0.9217557251908397 0.5706106870229007 0.9236641221374046 0.5935114503816794
0 0.8625954198473282 0.6793893129770993 0.8778625954198473 0.7022900763358778 0.9980916030534351 0.7767175572519084 0.9980916030534351 0.6793893129770993 0.9236641221374046 0.6641221374045801 0.9007633587786259 0.6641221374045801
1 0.1183206106870229 0.9236641221374046 0.11259541984732824 0.9561068702290076 0.12595419847328243 0.9980916030534351 0.2786259541984733 0.9980916030534351 0.2786259541984733 0.9599236641221374 0.2366412213740458 0.9141221374045801 0.16030534351145037 0.8969465648854962 0.12595419847328243 0.9122137404580153
1 0.2862595419847328 0.9675572519083969 0.28435114503816794 0.9980916030534351 0.4637404580152672 0.9980916030534351 0.4866412213740458 0.9561068702290076 0.4580152671755725 0.9351145038167938 0.44083969465648853 0.9083969465648855 0.4064885496183206 0.9064885496183206 0.3148854961832061 0.9293893129770993
1 0.09732824427480916 0.8969465648854962 0.08015267175572519 0.9465648854961832 0.04580152671755725 0.9866412213740458 0.04580152671755725 0.9980916030534351 0.12213740458015267 0.9980916030534351 0.11450381679389313 0.9732824427480916 0.11450381679389313 0.9198473282442748 0.12595419847328243 0.8912213740458015
0 0.2958015267175573 0.7690839694656488 0.2958015267175573 0.7919847328244275 0.2729007633587786 0.8301526717557252 0.2767175572519084 0.8377862595419847 0.3053435114503817 0.8320610687022901 0.3702290076335878 0.7958015267175572 0.35877862595419846 0.7862595419847328 0.36450381679389315 0.7690839694656488 0.4083969465648855 0.75 0.41412213740458015 0.7404580152671756 0.3969465648854962 0.7099236641221374 0.35877862595419846 0.7099236641221374 0.33587786259541985 0.7194656488549618