1 0.22900763358778625 0.20229007633587787 0.22519083969465647 0.3053435114503817 0.23282442748091603 0.5038167938931297 0.24618320610687022 0.5591603053435115 0.2652671755725191 0.5916030534351145 0.40076335877862596 0.7232824427480916 0.5458015267175572 0.8034351145038168 0.6583969465648855 0.8530534351145038 0.6984732824427481 0.8874045801526718 0.6984732824427481 0.8454198473282443 0.7137404580152672 0.8110687022900763 0.7919847328244275 0.7080152671755725 0.8110687022900763 0.6545801526717557 0.8148854961832062 0.6049618320610687 0.8053435114503816 0.5362595419847328 0.7519083969465649 0.42938931297709926 0.6946564885496184 0.36259541984732824 0.6240458015267175 0.29770992366412213 0.5534351145038168 0.25 0.4064885496183206 0.16984732824427481 0.34923664122137404 0.15076335877862596 0.2919847328244275 0.1431297709923664 0.26145038167938933 0.16030534351145037
1 0.013358778625954198 0.15648854961832062 0 0.15839694656488548 0 0.4751908396946565 0.015267175572519083 0.46564885496183206 0.04770992366412214 0.4179389312977099 0.07824427480916031 0.3511450381679389 0.13740458015267176 0.2652671755725191 0.16984732824427481 0.20038167938931298 0.16030534351145037 0.16793893129770993
1 0.12595419847328243 0.5591603053435115 0.12404580152671756 0.5877862595419847 0.13358778625954199 0.6221374045801527 0.16793893129770993 0.6679389312977099 0.183206106870229 0.7251908396946565 0.2099236641221374 0.7519083969465649 0.27099236641221375 0.7767175572519084 0.28435114503816794 0.7595419847328244 0.32061068702290074 0.7404580152671756 0.30916030534351147 0.7118320610687023 0.33396946564885494 0.6641221374045801 0.2729007633587786 0.6049618320610687 0.24236641221374045 0.5572519083969466 0.22900763358778625 0.5057251908396947 0.22328244274809161 0.3816793893129771 0.15648854961832062 0.4732824427480916
1 0.38740458015267176 0.8759541984732825 0.383587786259542 0.9045801526717557 0.39122137404580154 0.933206106870229 0.44083969465648853 0.9980916030534351 0.5687022900763359 0.9961832061068703 0.5744274809160306 0.9637404580152672 0.5706106870229007 0.916030534351145 0.5324427480916031 0.8549618320610687 0.49236641221374045 0.8320610687022901 0.4580152671755725 0.799618320610687 0.44274809160305345 0.7919847328244275 0.42366412213740456 0.8110687022900763
1 0.16984732824427481 0.9427480916030534 0.14122137404580154 0.9446564885496184 0.14694656488549618 0.9599236641221374 0.1851145038167939 0.9980916030534351 0.383587786259542 0.9980916030534351 0.3320610687022901 0.9694656488549618 0.2881679389312977 0.9580152671755725
1 0.5286259541984732 0.0057251908396946565 0.5343511450381679 0.04770992366412214 0.5438931297709924 0.05916030534351145 0.5629770992366412 0.061068702290076333 0.6068702290076335 0.04961832061068702 0.6125954198473282 0.03816793893129771 0.648854961832061 0.03244274809160305 0.7137404580152672 0 0.5324427480916031 0
0 0.648854961832061 0.20038167938931298 0.6278625954198473 0.21946564885496184 0.7404580152671756 0.22709923664122136 0.9961832061068703 0.1965648854961832 0.9980916030534351 0.08206106870229007 0.9274809160305344 0.08396946564885496 0.8721374045801527 0.09732824427480916 0.7480916030534351 0.1450381679389313
0 0.6240458015267175 0.2786259541984733 0.6164122137404581 0.2862595419847328 0.6221374045801527 0.28435114503816794 0.6431297709923665 0.30725190839694655 0.7461832061068703 0.33587786259541985 0.8816793893129771 0.3893129770992366 0.9980916030534351 0.4179389312977099 0.9980916030534351 0.29389312977099236 0.9026717557251909 0.2767175572519084 0.8148854961832062 0.27099236641221375 0.7156488549618321 0.26908396946564883
0 0.06297709923664122 0.3893129770992366 0.06297709923664122 0.40458015267175573 0.20419847328244276 0.3950381679389313 0.22519083969465647 0.3702290076335878 0.22328244274809161 0.3301526717557252 0.13931297709923665 0.3282442748091603 0.0916030534351145 0.33969465648854963
0 0.4637404580152672 0.18893129770992367 0.4637404580152672 0.1984732824427481 0.4751908396946565 0.20610687022900764 0.5324427480916031 0.23282442748091603 0.5725190839694656 0.183206106870229 0.5706106870229007 0.13358778625954199 0.5534351145038168 0.11068702290076336 0.5267175572519084 0.11450381679389313
0 0.12595419847328243 0.2824427480916031 0.0916030534351145 0.3377862595419847 0.15648854961832062 0.32251908396946566 0.22137404580152673 0.2958015267175573 0.21946564885496184 0.26908396946564883 0.14885496183206107 0.26908396946564883
0 0.19083969465648856 0.9217557251908397 0.21564885496183206 0.9427480916030534 0.3377862595419847 0.9675572519083969 0.3606870229007634 0.9790076335877863 0.38549618320610685 0.9790076335877863 0.4083969465648855 0.9694656488549618 0.38549618320610685 0.9293893129770993 0.35877862595419846 0.9198473282442748 0.23282442748091603 0.9083969465648855
0 0.3473282442748092 0.8301526717557252 0.3511450381679389 0.8702290076335878 0.3797709923664122 0.9103053435114504 0.3969465648854962 0.8435114503816794
0 0.5629770992366412 0.8759541984732825 0.5782442748091603 0.9561068702290076 0.6221374045801527 0.9446564885496184 0.6679389312977099 0.9179389312977099 0.6641221374045801 0.9026717557251909 0.6030534351145038 0.851145038167939 0.5916030534351145 0.851145038167939
1 0.01717557251908397 0.04961832061068702 0 0.04961832061068702 0 0.15458015267175573 0.06679389312977099 0.15458015267175573 0.1183206106870229 0.13931297709923665 0.20801526717557253 0.13931297709923665 0.10687022900763359 0.08206106870229007