1 0.32633587786259544 0.48282442748091603 0.3282442748091603 0.566793893129771 0.3950381679389313 0.7557251908396947 0.41603053435114506 0.8492366412213741 0.4389312977099237 0.8912213740458015 0.4675572519083969 0.9179389312977099 0.4732824427480916 0.9408396946564885 0.4904580152671756 0.9484732824427481 0.49236641221374045 0.9122137404580153 0.5209923664122137 0.8931297709923665 0.5324427480916031 0.8645038167938931 0.549618320610687 0.7385496183206107 0.5820610687022901 0.5992366412213741 0.6087786259541985 0.5267175572519084 0.6164122137404581 0.48282442748091603 0.6087786259541985 0.41030534351145037 0.5706106870229007 0.3702290076335878 0.5267175572519084 0.34923664122137404 0.41603053435114506 0.36450381679389315 0.37213740458015265 0.38549618320610685 0.36259541984732824 0.3969465648854962
1 0.007633587786259542 0.29389312977099236 0 0.29389312977099236 0 0.666030534351145 0.04007633587786259 0.683206106870229 0.06679389312977099 0.7061068702290076 0.14122137404580154 0.7461832061068703 0.21755725190839695 0.7786259541984732 0.3511450381679389 0.8148854961832062 0.3969465648854962 0.8129770992366412 0.38549618320610685 0.7404580152671756 0.3473282442748092 0.6526717557251909 0.3320610687022901 0.5896946564885496 0.24045801526717558 0.4484732824427481 0.14122137404580154 0.3549618320610687 0.061068702290076333 0.31297709923664124
1 0.6125954198473282 0.40458015267175573 0.6183206106870229 0.4732824427480916 0.5801526717557252 0.6335877862595419 0.583969465648855 0.6431297709923665 0.6793893129770993 0.6068702290076335 0.7709923664122137 0.549618320610687 0.8377862595419847 0.4847328244274809 0.8625954198473282 0.4446564885496183 0.8759541984732825 0.3950381679389313 0.8778625954198473 0.34541984732824427 0.8645038167938931 0.2862595419847328 0.8301526717557252 0.20419847328244276 0.8187022900763359 0.20419847328244276 0.8053435114503816 0.22900763358778625 0.7175572519083969 0.2881679389312977 0.6469465648854962 0.3549618320610687
1 0.5744274809160306 0.7576335877862596 0.5706106870229007 0.7767175572519084 0.5896946564885496 0.8015267175572519 0.7118320610687023 0.8606870229007634 0.7881679389312977 0.8645038167938931 0.8854961832061069 0.8473282442748091 0.9255725190839694 0.8358778625954199 0.9790076335877863 0.8072519083969466 0.9656488549618321 0.7958015267175572 0.7958015267175572 0.767175572519084 0.6526717557251909 0.7519083969465649
1 0.5687022900763359 0.799618320610687 0.5877862595419847 0.8492366412213741 0.601145038167939 0.8625954198473282 0.700381679389313 0.9007633587786259 0.7729007633587787 0.9045801526717557 0.8835877862595419 0.9236641221374046 0.9580152671755725 0.9179389312977099 0.9980916030534351 0.9064885496183206 0.9961832061068703 0.8034351145038168 0.9007633587786259 0.8473282442748091 0.8053435114503816 0.8645038167938931 0.7442748091603053 0.8645038167938931 0.666030534351145 0.8606870229007634 0.6030534351145038 0.8473282442748091
1 0.18893129770992367 0.8492366412213741 0.19083969465648856 0.8625954198473282 0.21564885496183206 0.8835877862595419 0.22328244274809161 0.9007633587786259 0.1851145038167939 0.9732824427480916 0.18129770992366412 0.9980916030534351 0.34541984732824427 0.9980916030534351 0.3530534351145038 0.8874045801526718 0.36450381679389315 0.8683206106870229 0.34923664122137404 0.8320610687022901 0.20038167938931298 0.8396946564885496
1 0.40076335877862596 0.9389312977099237 0.3893129770992366 0.9618320610687023 0.3549618320610687 0.9980916030534351 0.4732824427480916 0.9980916030534351 0.4675572519083969 0.9694656488549618 0.47900763358778625 0.9580152671755725 0.5 0.9561068702290076 0.4961832061068702 0.9465648854961832 0.4847328244274809 0.9484732824427481 0.4618320610687023 0.9141221374045801 0.44083969465648853 0.898854961832061
1 0.5 0.9141221374045801 0.5057251908396947 0.950381679389313 0.5 0.9980916030534351 0.5305343511450382 0.9980916030534351 0.5801526717557252 0.9694656488549618 0.5877862595419847 0.9561068702290076 0.5820610687022901 0.9274809160305344 0.5438931297709924 0.8606870229007634 0.5362595419847328 0.8606870229007634 0.5209923664122137 0.898854961832061
0 0.015267175572519083 0.12595419847328243 0.02862595419847328 0.15267175572519084 0.013358778625954198 0.22900763358778625 0.01717557251908397 0.2900763358778626 0.13549618320610687 0.34923664122137404 0.20610687022900764 0.4064885496183206 0.24236641221374045 0.4446564885496183 0.26908396946564883 0.49809160305343514 0.2919847328244275 0.5190839694656488 0.30725190839694655 0.5534351145038168 0.3244274809160305 0.5687022900763359 0.32251908396946566 0.4847328244274809 0.3377862595419847 0.4351145038167939 0.37404580152671757 0.3797709923664122 0.41603053435114506 0.3606870229007634 0.4083969465648855 0.33969465648854963 0.3435114503816794 0.2767175572519084 0.25572519083969464 0.21946564885496184 0.08969465648854962 0.16030534351145037 0.04580152671755725 0.13931297709923665 0.03435114503816794 0.12595419847328243
0 0.6946564885496184 0.6068702290076335 0.6927480916030534 0.6125954198473282 0.7118320610687023 0.6202290076335878 0.8702290076335878 0.6202290076335878 0.9980916030534351 0.5973282442748091 0.9980916030534351 0.48854961832061067 0.8797709923664122 0.5095419847328244 0.7862595419847328 0.5744274809160306 0.7156488549618321 0.5935114503816794
0 0.7099236641221374 0.5935114503816794 0.7270992366412213 0.5973282442748091 0.7614503816793893 0.5858778625954199 0.8454198473282443 0.5362595419847328 0.9255725190839694 0.46564885496183206 0.9561068702290076 0.42366412213740456 0.8625954198473282 0.45229007633587787 0.8473282442748091 0.4770992366412214 0.7767175572519084 0.549618320610687
0 0.007633587786259542 0.6927480916030534 0 0.6946564885496184 0 0.8225190839694656 0.08206106870229007 0.8072519083969466 0.1717557251908397 0.7709923664122137 0.16793893129770993 0.7614503816793893 0.03816793893129771 0.6889312977099237
0 0.011450381679389313 0.8282442748091603 0 0.8301526717557252 0 0.9790076335877863 0.1049618320610687 0.9713740458015268 0.18893129770992367 0.9561068702290076 0.21374045801526717 0.916030534351145 0.21564885496183206 0.8950381679389313 0.18702290076335878 0.8625954198473282 0.18702290076335878 0.8435114503816794 0.20610687022900764 0.8358778625954199 0.24618320610687022 0.8377862595419847 0.2633587786259542 0.8225190839694656 0.2595419847328244 0.816793893129771 0.21946564885496184 0.8129770992366412
0 0.5419847328244275 0.9942748091603053 0.7576335877862596 0.9980916030534351 0.816793893129771 0.9599236641221374 0.8263358778625954 0.9408396946564885 0.8034351145038168 0.9312977099236641 0.6393129770992366 0.9408396946564885 0.5935114503816794 0.9522900763358778 0.5744274809160306 0.9790076335877863
0 0.6622137404580153 0.7118320610687023 0.6603053435114504 0.7461832061068703 0.6679389312977099 0.7519083969465649 0.8148854961832062 0.767175572519084 0.7977099236641222 0.7461832061068703 0.7385496183206107 0.7137404580152672 0.6889312977099237 0.6679389312977099 0.6736641221374046 0.6736641221374046
0 0.5572519083969466 0.7213740458015268 0.5553435114503816 0.7404580152671756 0.5706106870229007 0.7519083969465649 0.6259541984732825 0.7480916030534351 0.648854961832061 0.7232824427480916 0.6526717557251909 0.7061068702290076 0.6412213740458015 0.6851145038167938 0.5801526717557252 0.6526717557251909