1 0.4904580152671756 0.4580152671755725 0.49427480916030536 0.5229007633587787 0.5343511450381679 0.6068702290076335 0.583969465648855 0.6526717557251909 0.6641221374045801 0.700381679389313 0.6774809160305344 0.7156488549618321 0.6889312977099237 0.7480916030534351 0.6984732824427481 0.6946564885496184 0.732824427480916 0.6164122137404581 0.7309160305343512 0.583969465648855 0.7061068702290076 0.5343511450381679 0.6564885496183206 0.47900763358778625 0.5858778625954199 0.4446564885496183 0.5114503816793893 0.4312977099236641 0.49427480916030536 0.44274809160305345
1 0.16603053435114504 0.6374045801526718 0.15839694656488548 0.6946564885496184 0.14122137404580154 0.7194656488549618 0.18893129770992367 0.6793893129770993 0.29961832061068705 0.648854961832061 0.37213740458015265 0.6145038167938931 0.4351145038167939 0.566793893129771 0.46946564885496184 0.5267175572519084 0.48282442748091603 0.49427480916030536 0.48282442748091603 0.4446564885496183 0.4637404580152672 0.4312977099236641 0.40076335877862596 0.4312977099236641 0.33396946564885494 0.44656488549618323 0.2652671755725191 0.4732824427480916 0.22519083969465647 0.5095419847328244
1 0.16793893129770993 0.42748091603053434 0.16793893129770993 0.43702290076335876 0.20038167938931298 0.4618320610687023 0.21183206106870228 0.4618320610687023 0.32251908396946566 0.44656488549618323 0.4389312977099237 0.4217557251908397 0.46946564885496184 0.4083969465648855 0.40076335877862596 0.3893129770992366 0.33587786259541985 0.3893129770992366 0.22328244274809161 0.40458015267175573
1 0.05343511450381679 0.30916030534351147 0.04961832061068702 0.31297709923664124 0.08396946564885496 0.33969465648854963 0.13931297709923665 0.3568702290076336 0.29770992366412213 0.38740458015267176 0.4083969465648855 0.38740458015267176 0.4599236641221374 0.4026717557251908 0.4770992366412214 0.3969465648854962 0.4637404580152672 0.3816793893129771 0.37404580152671757 0.3320610687022901 0.30343511450381677 0.3110687022900763 0.23473282442748092 0.29961832061068705 0.13740458015267176 0.29961832061068705
1 0.517175572519084 0.28435114503816794 0.5038167938931297 0.29961832061068705 0.5190839694656488 0.3511450381679389 0.5190839694656488 0.3797709923664122 0.5076335877862596 0.3988549618320611 0.5248091603053435 0.4064885496183206 0.6450381679389313 0.35877862595419846 0.6908396946564885 0.3301526717557252 0.7347328244274809 0.28435114503816794 0.7423664122137404 0.25763358778625955 0.6984732824427481 0.1965648854961832 0.6908396946564885 0.20419847328244276 0.6354961832061069 0.21564885496183206 0.5687022900763359 0.24045801526717558
1 0.33587786259541985 0.2633587786259542 0.33396946564885494 0.2900763358778626 0.3530534351145038 0.31679389312977096 0.4675572519083969 0.3816793893129771 0.49427480916030536 0.3931297709923664 0.5114503816793893 0.38740458015267176 0.517175572519084 0.36450381679389315 0.5114503816793893 0.32633587786259544 0.49809160305343514 0.30343511450381677 0.4713740458015267 0.28053435114503816 0.4217557251908397 0.2538167938931298 0.38740458015267176 0.24427480916030533 0.3606870229007634 0.24236641221374045
1 0.5267175572519084 0.4083969465648855 0.5248091603053435 0.41412213740458015 0.5419847328244275 0.4255725190839695 0.5763358778625954 0.42938931297709926 0.6946564885496184 0.4675572519083969 0.8473282442748091 0.48091603053435117 0.9751908396946565 0.48282442748091603 0.9694656488549618 0.4599236641221374 0.8969465648854962 0.4179389312977099 0.7652671755725191 0.3893129770992366 0.6183206106870229 0.38740458015267176 0.5706106870229007 0.3931297709923664
1 0.7900763358778626 0.47900763358778625 0.6812977099236641 0.46564885496183206 0.566793893129771 0.4312977099236641 0.6526717557251909 0.4732824427480916 0.7061068702290076 0.5267175572519084 0.7595419847328244 0.5438931297709924 0.7843511450381679 0.5458015267175572 0.8225190839694656 0.5362595419847328 0.8206106870229007 0.517175572519084
1 0.48282442748091603 0.5057251908396947 0.43702290076335876 0.5687022900763359 0.3683206106870229 0.6202290076335878 0.3893129770992366 0.6564885496183206 0.4351145038167939 0.6927480916030534 0.4446564885496183 0.6774809160305344 0.4770992366412214 0.6545801526717557 0.5057251908396947 0.6030534351145038 0.5019083969465649 0.5534351145038168
0 0.49427480916030536 0.6354961832061069 0.4904580152671756 0.6984732824427481 0.5209923664122137 0.7404580152671756 0.5820610687022901 0.7805343511450382 0.6564885496183206 0.8015267175572519 0.6622137404580153 0.7977099236641222 0.6717557251908397 0.7805343511450382 0.6736641221374046 0.7309160305343512 0.6603053435114504 0.700381679389313 0.583969465648855 0.6564885496183206 0.5209923664122137 0.5973282442748091 0.5133587786259542 0.5973282442748091
0 0.05534351145038168 0.7729007633587787 0.04961832061068702 0.8301526717557252 0.05534351145038168 0.8416030534351145 0.06870229007633588 0.8225190839694656 0.1851145038167939 0.7977099236641222 0.3110687022900763 0.7347328244274809 0.3301526717557252 0.7213740458015268 0.3606870229007634 0.6736641221374046 0.38740458015267176 0.6603053435114504 0.36259541984732824 0.6259541984732825 0.2824427480916031 0.6583969465648855 0.1984732824427481 0.6793893129770993 0.18129770992366412 0.6946564885496184 0.15839694656488548 0.683206106870229 0.15839694656488548 0.6622137404580153 0.14694656488549618 0.6603053435114504 0.08778625954198473 0.7118320610687023
0 0.02480916030534351 0.5229007633587787 0.022900763358778626 0.5286259541984732 0.05725190839694656 0.5362595419847328 0.20610687022900764 0.5381679389312977 0.22328244274809161 0.5057251908396947 0.26145038167938933 0.4732824427480916 0.20038167938931298 0.4713740458015267 0.16030534351145037 0.47900763358778625
0 0.7366412213740458 0.5973282442748091 0.7022900763358778 0.6946564885496184 0.7767175572519084 0.7213740458015268 0.799618320610687 0.7404580152671756 0.7938931297709924 0.6564885496183206 0.7614503816793893 0.6049618320610687 0.7538167938931297 0.5973282442748091
0 0.8263358778625954 0.20038167938931298 0.8263358778625954 0.21755725190839695 0.8568702290076335 0.2729007633587786 0.9465648854961832 0.3416030534351145 0.9675572519083969 0.2881679389312977 0.9599236641221374 0.2538167938931298 0.9103053435114504 0.21564885496183206 0.8396946564885496 0.1965648854961832
0 0.4866412213740458 0.21183206106870228 0.4866412213740458 0.22900763358778625 0.4751908396946565 0.2385496183206107 0.6870229007633588 0.19274809160305342 0.7290076335877863 0.17748091603053434 0.5896946564885496 0.183206106870229 0.5190839694656488 0.20801526717557253 0.5076335877862596 0.20419847328244276
0 0.0019083969465648854 0.16603053435114504 0 0.2366412213740458 0.08778625954198473 0.29961832061068705 0.12404580152671756 0.29770992366412213 0.12786259541984732 0.2595419847328244 0.1183206106870229 0.22709923664122136 0.06679389312977099 0.19083969465648856
0 0.7652671755725191 0.25190839694656486 0.7729007633587787 0.3320610687022901 0.7919847328244275 0.3568702290076336 0.7958015267175572 0.3816793893129771 0.8053435114503816 0.3931297709923664 0.8931297709923665 0.41412213740458015 0.9656488549618321 0.45229007633587787 0.9847328244274809 0.44083969465648853 0.9942748091603053 0.42366412213740456 0.9980916030534351 0.3606870229007634 0.9790076335877863 0.32633587786259544 0.9656488549618321 0.31679389312977096 0.9370229007633588 0.33587786259541985 0.8683206106870229 0.2881679389312977 0.8282442748091603 0.24427480916030533