1 0.5419847328244275 0.37786259541984735 0.5267175572519084 0.45229007633587787 0.5019083969465649 0.5076335877862596 0.5248091603053435 0.5553435114503816 0.6316793893129771 0.5114503816793893 0.6698473282442748 0.48854961832061067 0.7786259541984732 0.38740458015267176 0.7862595419847328 0.37595419847328243 0.7881679389312977 0.33969465648854963 0.7652671755725191 0.2881679389312977 0.6984732824427481 0.23473282442748092 0.6335877862595419 0.2767175572519084 0.5515267175572519 0.3568702290076336
1 0.6335877862595419 0.5114503816793893 0.6393129770992366 0.5248091603053435 0.6507633587786259 0.5248091603053435 0.7690839694656488 0.49236641221374045 0.8587786259541985 0.4351145038167939 0.9255725190839694 0.3683206106870229 0.7767175572519084 0.39122137404580154 0.6965648854961832 0.4675572519083969
1 0.5248091603053435 0.5458015267175572 0.5267175572519084 0.5706106870229007 0.5763358778625954 0.5801526717557252 0.8053435114503816 0.5896946564885496 0.8721374045801527 0.5820610687022901 0.933206106870229 0.5610687022900763 0.9599236641221374 0.5419847328244275 0.9561068702290076 0.5305343511450382 0.8263358778625954 0.5057251908396947 0.7461832061068703 0.5095419847328244 0.6297709923664122 0.5286259541984732 0.6183206106870229 0.5381679389312977 0.583969465648855 0.5324427480916031 0.5763358778625954 0.5438931297709924
1 0.3110687022900763 0.40076335877862596 0.3549618320610687 0.4389312977099237 0.3549618320610687 0.47900763358778625 0.29961832061068705 0.5057251908396947 0.32061068702290074 0.5458015267175572 0.3606870229007634 0.5877862595419847 0.40076335877862596 0.6087786259541985 0.4122137404580153 0.6469465648854962 0.4541984732824427 0.683206106870229 0.49809160305343514 0.6774809160305344 0.5324427480916031 0.6164122137404581 0.517175572519084 0.5801526717557252 0.517175572519084 0.5400763358778626 0.45610687022900764 0.4446564885496183 0.3931297709923664 0.41603053435114506 0.37404580152671757 0.40076335877862596 0.366412213740458 0.383587786259542
1 0.05725190839694656 0.39122137404580154 0.03435114503816794 0.39122137404580154 0.03435114503816794 0.3988549618320611 0.05152671755725191 0.4026717557251908 0.05534351145038168 0.41412213740458015 0.06679389312977099 0.41603053435114506 0.15076335877862596 0.4904580152671756 0.14694656488549618 0.5209923664122137 0.12786259541984732 0.5305343511450382 0.11259541984732824 0.549618320610687 0.1183206106870229 0.566793893129771 0.2595419847328244 0.6412213740458015 0.32251908396946566 0.6641221374045801 0.38549618320610685 0.6698473282442748 0.40076335877862596 0.6603053435114504 0.3893129770992366 0.6507633587786259 0.3702290076335878 0.648854961832061 0.35877862595419846 0.6316793893129771 0.3244274809160305 0.6202290076335878 0.3148854961832061 0.5706106870229007 0.20801526717557253 0.4675572519083969 0.12213740458015267 0.41603053435114506
1 0.03244274809160305 0.29961832061068705 0.05152671755725191 0.30343511450381677 0.0648854961832061 0.3511450381679389 0.030534351145038167 0.3683206106870229 0.015267175572519083 0.38549618320610685 0.02099236641221374 0.3931297709923664 0.03435114503816794 0.40076335877862596 0.08778625954198473 0.3969465648854962 0.17748091603053434 0.45229007633587787 0.20801526717557253 0.46564885496183206 0.21374045801526717 0.4618320610687023 0.22900763358778625 0.4026717557251908 0.21755725190839695 0.37213740458015265 0.20419847328244276 0.35877862595419846 0.13931297709923665 0.32251908396946566
1 0.003816793893129771 0.6755725190839694 0.0019083969465648854 0.7709923664122137 0.04580152671755725 0.7709923664122137 0.11259541984732824 0.7557251908396947 0.1717557251908397 0.7232824427480916 0.24618320610687022 0.6965648854961832 0.2881679389312977 0.6679389312977099 0.2919847328244275 0.6564885496183206 0.22137404580152673 0.6297709923664122
1 0.0019083969465648854 0.6526717557251909 0 0.6717557251908397 0.05152671755725191 0.6679389312977099 0.17938931297709923 0.6450381679389313 0.22137404580152673 0.6240458015267175 0.15076335877862596 0.5896946564885496 0.05152671755725191 0.6240458015267175
1 0.22709923664122136 0.4198473282442748 0.21564885496183206 0.46946564885496184 0.26908396946564883 0.5248091603053435 0.30916030534351147 0.5305343511450382 0.2958015267175573 0.5095419847328244 0.3015267175572519 0.49809160305343514 0.3416030534351145 0.4847328244274809 0.34541984732824427 0.4713740458015267 0.30725190839694655 0.44274809160305345 0.25572519083969464 0.4179389312977099 0.23091603053435114 0.4122137404580153
1 0.011450381679389313 0.8702290076335878 0 0.8874045801526718 0 0.9980916030534351 0.17938931297709923 0.9980916030534351 0.18893129770992367 0.9904580152671756 0.16412213740458015 0.950381679389313 0.12022900763358779 0.9083969465648855 0.04007633587786259 0.8797709923664122 0.019083969465648856 0.8645038167938931
1 0.07633587786259542 0.7729007633587787 0.06870229007633588 0.8377862595419847 0.07824427480916031 0.8568702290076335 0.07061068702290077 0.8854961832061069 0.12213740458015267 0.9064885496183206 0.15458015267175573 0.933206106870229 0.18129770992366412 0.9694656488549618 0.18129770992366412 0.9980916030534351 0.2748091603053435 0.9980916030534351 0.2824427480916031 0.9694656488549618 0.2767175572519084 0.9389312977099237 0.2366412213740458 0.8740458015267175 0.16603053435114504 0.8129770992366412
1 0.41603053435114506 0.7080152671755725 0.4198473282442748 0.7366412213740458 0.4446564885496183 0.7557251908396947 0.4961832061068702 0.7748091603053435 0.566793893129771 0.7919847328244275 0.6354961832061069 0.7977099236641222 0.6870229007633588 0.816793893129771 0.7213740458015268 0.816793893129771 0.7557251908396947 0.7881679389312977 0.8091603053435115 0.7729007633587787 0.9179389312977099 0.7709923664122137 0.9980916030534351 0.7595419847328244 0.9980916030534351 0.7232824427480916 0.8530534351145038 0.732824427480916 0.6431297709923665 0.7251908396946565 0.6030534351145038 0.7404580152671756 0.5801526717557252 0.7404580152671756 0.5267175572519084 0.7232824427480916 0.4675572519083969 0.7232824427480916 0.4255725190839695 0.700381679389313
1 0.8549618320610687 0.6469465648854962 0.8187022900763359 0.6583969465648855 0.9064885496183206 0.6717557251908397 0.9561068702290076 0.6946564885496184 0.9980916030534351 0.7041984732824428 0.9980916030534351 0.6507633587786259
1 0.8416030534351145 0.5877862595419847 0.8396946564885496 0.5935114503816794 0.8893129770992366 0.6145038167938931 0.9980916030534351 0.6316793893129771 0.9980916030534351 0.5687022900763359 0.9599236641221374 0.5553435114503816 0.8778625954198473 0.583969465648855
0 0.9980916030534351 0.4751908396946565 0.9599236641221374 0.4637404580152672 0.9618320610687023 0.5114503816793893 0.9694656488549618 0.5267175572519084 0.9656488549618321 0.549618320610687 0.9885496183206107 0.5629770992366412 0.9980916030534351 0.5629770992366412
0 0.5209923664122137 0.5782442748091603 0.5362595419847328 0.6164122137404581 0.5152671755725191 0.6564885496183206 0.5190839694656488 0.666030534351145 0.6545801526717557 0.7156488549618321 0.7290076335877863 0.7194656488549618 0.7080152671755725 0.6641221374045801 0.6641221374045801 0.6145038167938931 0.6221374045801527 0.5896946564885496
0 0.27099236641221375 0.8129770992366412 0.2480916030534351 0.8587786259541985 0.25 0.8702290076335878 0.3377862595419847 0.8664122137404581 0.3969465648854962 0.8301526717557252 0.44656488549618323 0.7824427480916031 0.4484732824427481 0.7633587786259542 0.42748091603053434 0.75 0.4064885496183206 0.7213740458015268 0.31297709923664124 0.7729007633587787
0 0.30916030534351147 0.9122137404580153 0.32061068702290074 0.9217557251908397 0.3683206106870229 0.9274809160305344 0.4713740458015267 0.9217557251908397 0.4599236641221374 0.8587786259541985
0 0.48282442748091603 0.8377862595419847 0.4770992366412214 0.8530534351145038 0.4847328244274809 0.9179389312977099 0.5801526717557252 0.898854961832061 0.6374045801526718 0.8683206106870229 0.648854961832061 0.851145038167939 0.6431297709923665 0.8416030534351145 0.6087786259541985 0.8358778625954199 0.4866412213740458 0.8530534351145038
0 0.46946564885496184 0.7805343511450382 0.4751908396946565 0.8282442748091603 0.4961832061068702 0.8053435114503816 0.5019083969465649 0.7824427480916031 0.48854961832061067 0.7767175572519084
0 0.44274809160305345 0.7862595419847328 0.3988549618320611 0.833969465648855 0.32061068702290074 0.8683206106870229 0.32061068702290074 0.8740458015267175 0.4122137404580153 0.8759541984732825 0.42938931297709926 0.8683206106870229 0.43320610687022904 0.8549618320610687 0.4599236641221374 0.8416030534351145 0.4541984732824427 0.7919847328244275 0.45038167938931295 0.7843511450381679
0 0.013358778625954198 0.5209923664122137 0 0.5229007633587787 0 0.6183206106870229 0.07824427480916031 0.6125954198473282 0.14694656488549618 0.5877862595419847 0.12022900763358779 0.5725190839694656 0.10877862595419847 0.549618320610687 0.13549618320610687 0.5190839694656488
0 0.32633587786259544 0.31679389312977096 0.32061068702290074 0.34541984732824427 0.32633587786259544 0.39122137404580154 0.3702290076335878 0.38549618320610685 0.39122137404580154 0.4122137404580153 0.4351145038167939 0.42748091603053434 0.45610687022900764 0.41030534351145037 0.4770992366412214 0.37213740458015265 0.47900763358778625 0.3568702290076336 0.46564885496183206 0.32061068702290074 0.4255725190839695 0.2767175572519084 0.4122137404580153 0.2480916030534351 0.3416030534351145 0.29389312977099236
0 0.15076335877862596 0.2958015267175573 0.14885496183206107 0.32251908396946566 0.20610687022900764 0.3568702290076336 0.22137404580152673 0.37404580152671757 0.23282442748091603 0.4083969465648855 0.3282442748091603 0.4541984732824427 0.3377862595419847 0.45038167938931295 0.33969465648854963 0.4312977099236641 0.31679389312977096 0.41412213740458015 0.3148854961832061 0.3683206106870229 0.23473282442748092 0.32251908396946566
0 0.7958015267175572 0.8187022900763359 0.799618320610687 0.8492366412213741 0.8225190839694656 0.8721374045801527 0.8587786259541985 0.8893129770992366 0.8778625954198473 0.8835877862595419 0.8740458015267175 0.851145038167939 0.851145038167939 0.8263358778625954 0.8187022900763359 0.8110687022900763 0.799618320610687 0.8110687022900763