1 0.2914012738853503 0.64171974522293 0.2914012738853503 0.6560509554140127 0.30254777070063693 0.6751592356687898 0.32961783439490444 0.7022292993630573 0.35509554140127386 0.7165605095541401 0.3996815286624204 0.7245222929936306 0.4426751592356688 0.6926751592356688 0.46178343949044587 0.6592356687898089 0.5015923566878981 0.6114649681528662 0.4697452229299363 0.4554140127388535 0.4585987261146497 0.43471337579617836 0.4410828025477707 0.43471337579617836 0.4171974522292994 0.445859872611465 0.3614649681528662 0.49203821656050956 0.31369426751592355 0.5652866242038217
1 0.044585987261146494 0.6592356687898089 0.03662420382165605 0.7070063694267515 0.16719745222929935 0.6751592356687898 0.28503184713375795 0.6273885350318471 0.2945859872611465 0.6162420382165605 0.30254777070063693 0.5812101910828026 0.321656050955414 0.5429936305732485 0.37261146496815284 0.4729299363057325 0.26910828025477707 0.4984076433121019 0.16401273885350318 0.5429936305732485 0.08598726114649681 0.5939490445859873 0.06210191082802548 0.6194267515923567
1 0.004777070063694267 0.37101910828025475 0 0.37420382165605093 0.004777070063694267 0.4012738853503185 0.050955414012738856 0.42038216560509556 0.10509554140127389 0.4315286624203822 0.34235668789808915 0.4299363057324841 0.43789808917197454 0.4267515923566879 0.45222929936305734 0.42038216560509556 0.42197452229299365 0.4012738853503185 0.34076433121019106 0.37738853503184716 0.15764331210191082 0.3487261146496815 0.07643312101910828 0.3519108280254777
1 0.6401273885350318 0.4442675159235669 0.6257961783439491 0.445859872611465 0.6289808917197452 0.4840764331210191 0.7547770700636943 0.5493630573248408 0.8136942675159236 0.5700636942675159 0.8821656050955414 0.5812101910828026 0.9984076433121019 0.5796178343949044 0.9984076433121019 0.5684713375796179 0.9729299363057324 0.5366242038216561 0.8980891719745223 0.4984076433121019 0.8232484076433121 0.4745222929936306
1 0.5222929936305732 0.37261146496815284 0.5222929936305732 0.4156050955414013 0.5509554140127388 0.4570063694267516 0.5780254777070064 0.47770700636942676 0.6194267515923567 0.4888535031847134 0.6289808917197452 0.4681528662420382 0.6242038216560509 0.45222929936305734 0.5987261146496815 0.43471337579617836 0.5477707006369427 0.3821656050955414
1 0.2515923566878981 0.3328025477707006 0.25477707006369427 0.3614649681528662 0.38057324840764334 0.3837579617834395 0.37898089171974525 0.35987261146496813 0.31369426751592355 0.35509554140127386 0.2914012738853503 0.339171974522293 0.2818471337579618 0.2961783439490446 0.3057324840764331 0.2754777070063694 0.31369426751592355 0.2754777070063694 0.30254777070063693 0.267515923566879 0.27388535031847133 0.28503184713375795
1 0.7611464968152867 0.3359872611464968 0.7579617834394905 0.34235668789808915 0.7643312101910829 0.3519108280254777 0.8232484076433121 0.40923566878980894 0.8550955414012739 0.46337579617834396 0.8885350318471338 0.49203821656050956 0.9028662420382165 0.4538216560509554 0.8885350318471338 0.40764331210191085 0.8519108280254777 0.37101910828025475 0.7882165605095541 0.339171974522293
1 0.5589171974522293 0.37261146496815284 0.5557324840764332 0.3869426751592357 0.5987261146496815 0.4299363057324841 0.60828025477707 0.4299363057324841 0.7022292993630573 0.3964968152866242 0.7101910828025477 0.3885350318471338 0.7818471337579618 0.37738853503184716 0.7818471337579618 0.36942675159235666 0.8009554140127388 0.3471337579617834 0.8694267515923567 0.38057324840764334 0.9840764331210191 0.37738853503184716 0.9984076433121019 0.3678343949044586 0.9984076433121019 0.31369426751592355 0.9538216560509554 0.29777070063694266 0.893312101910828 0.2914012738853503 0.8184713375796179 0.3057324840764331 0.7404458598726115 0.3073248407643312 0.6257961783439491 0.3359872611464968
0 0.11146496815286625 0.14198566878980892 0.15260031847133756 0.09421496815286624 0.2587579617834395 0.045116242038216556 0.4020700636942675 0.021230891719745223 0.48168789808917195 0.02388535031847134 0.5599792993630572 0.04777070063694268 0.5997882165605095 0.07431050955414013 0.5944792993630573 0.09288694267515923 0.49363057324840764 0.11677229299363057 0.3795111464968153 0.13535031847133758 0.22956528662420383 0.13402388535031848
0 0.050425159235668794 0.21496815286624205 0 0.23221815286624203 0.003980891719745223 0.37154936305732483 0.08492515923566879 0.3476640127388535 0.11013853503184713 0.32112579617834397 0.1035031847133758 0.26804617834394906 0.08492515923566879 0.23089171974522293 0.06103980891719745 0.21364171974522292
0 0.12075318471337579 0.20567993630573247 0.08227229299363058 0.1738328025477707 0.04378980891719745 0.11411942675159235 0.054406050955414016 0.07563694267515923 0.11146496815286625 0.03715445859872611 0.17914012738853502 0.08094426751592357 0.1393312101910828 0.10084872611464968 0.10615764331210191 0.1380047770700637 0.10881050955414012 0.14596656050955414 0.1725047770700637 0.14331210191082802 0.14994745222929937 0.17117834394904458
0 0.13136942675159236 0.22027547770700637 0.16056210191082804 0.2070063694267516 0.24814171974522292 0.21098726114649682 0.3144904458598726 0.25079617834394907 0.3357213375796178 0.2760079617834395 0.3343949044585987 0.3463375796178344 0.3052022292993631 0.3450111464968153 0.2216035031847134 0.32377866242038217 0.1552547770700637 0.26937420382165606
0 0.16321656050955413 0.20567993630573247 0.1924092356687898 0.1592356687898089 0.2269108280254777 0.13667675159235668 0.2919315286624204 0.13269585987261145 0.41003184713375795 0.13402388535031848 0.30254777070063693 0.18444745222929937 0.22956528662420383 0.2096608280254777
0 0.4896496815286624 0.44187898089171973 0.45249522292993627 0.4140127388535032 0.39012738853503187 0.3848200636942675 0.3834920382165605 0.3635875796178344 0.35695382165605094 0.35429936305732485 0.34235668789808915 0.3290875796178344 0.3343949044585987 0.2746815286624204 0.3503184713375796 0.21231369426751592 0.4007436305732484 0.23619904458598726 0.4803614649681528 0.28662420382165604 0.5148614649681529 0.32245222929936307 0.5148614649681529 0.35164490445859875 0.49097611464968155 0.3357213375796178 0.4883232484076433 0.3649156050955414 0.49761146496815284 0.40605095541401276 0.5029187898089172 0.4551480891719746
0 0.5122085987261146 0.5281321656050955 0.48699522292993636 0.5493630573248408 0.5029187898089172 0.6024410828025478 0.5068996815286625 0.6210191082802548 0.4830143312101911 0.6395971337579618 0.5307850318471338 0.6886942675159236 0.5732484076433121 0.7218678343949045 0.6011146496815286 0.6860398089171975 0.6316353503184713 0.658173566878981 0.6210191082802548 0.6011146496815286 0.571921974522293 0.5467085987261147
0 0.5493630573248408 0.498937898089172 0.5599792993630572 0.5387468152866243 0.6050955414012739 0.5878455414012739 0.6621544585987261 0.6210191082802548 0.7484076433121019 0.6462308917197452 0.7431003184713375 0.6117308917197452 0.7072722929936305 0.553343949044586 0.6316353503184713 0.5095541401273885
0 0.7388535031847133 0.5812101910828026 0.7308917197452229 0.5812101910828026 0.7420382165605095 0.6050955414012739 0.75 0.6496815286624203 0.7977707006369427 0.660828025477707 0.7866242038216561 0.6305732484076433
0 0.5127388535031847 0.16401273885350318 0.5095541401273885 0.2213375796178344 0.5270700636942676 0.25955414012738853 0.5843949044585988 0.24044585987261147 0.6194267515923567 0.2197452229299363 0.6528662420382165 0.18949044585987262 0.6703821656050956 0.160828025477707 0.6624203821656051 0.10987261146496816 0.6719745222929936 0.04617834394904458 0.6464968152866242 0.042993630573248405 0.6114649681528662 0.0589171974522293 0.5828025477707006 0.09076433121019108 0.5557324840764332 0.10509554140127389 0.5382165605095541 0.12261146496815287
0 0.6719745222929936 0.07484076433121019 0.6656050955414012 0.12579617834394904 0.6735668789808917 0.15605095541401273 0.7101910828025477 0.20063694267515925 0.7133757961783439 0.21656050955414013 0.7754777070063694 0.15127388535031847 0.785031847133758 0.12579617834394904 0.7818471337579618 0.0875796178343949 0.7579617834394905 0.044585987261146494 0.7181528662420382 0 0.7006369426751592 0 0.695859872611465 0.006369426751592357 0.678343949044586 0.042993630573248405
0 0.7722929936305732 0.03980891719745223 0.767515923566879 0.05732484076433121 0.7866242038216561 0.09713375796178345 0.7866242038216561 0.12898089171974522 0.7722929936305732 0.160828025477707 0.7914012738853503 0.17993630573248406 0.8487261146496815 0.21337579617834396 0.8901273885350318 0.1464968152866242 0.8949044585987261 0.10031847133757962 0.8885350318471338 0.08439490445859872 0.8630573248407644 0.044585987261146494 0.8152866242038217 0 0.7993630573248408 0
0 0.05732484076433121 0.5493630573248408 0.06847133757961783 0.5573248407643312 0.12101910828025478 0.5652866242038217 0.20063694267515925 0.5238853503184714 0.3503184713375796 0.4729299363057325 0.3105095541401274 0.4713375796178344 0.24363057324840764 0.4840764331210191 0.1624203821656051 0.5063694267515924
0 0.8630573248407644 0.22611464968152867 0.8614649681528662 0.23089171974522293 0.9076433121019108 0.23248407643312102 0.9984076433121019 0.2484076433121019 0.9984076433121019 0.20063694267515925
0 0.8996815286624203 0.04936305732484077 0.8726114649681529 0.04936305732484077 0.8964968152866242 0.09554140127388536 0.8980891719745223 0.12738853503184713 0.9633757961783439 0.13694267515923567 0.9522292993630573 0.09235668789808917 0.9761146496815286 0.08280254777070063 0.9745222929936306 0.0732484076433121 0.9426751592356688 0.05732484076433121