1 0.3015267175572519 0.3683206106870229 0.3435114503816794 0.4446564885496183 0.3931297709923664 0.5019083969465649 0.44656488549618323 0.5057251908396947 0.5687022900763359 0.549618320610687 0.5572519083969466 0.5057251908396947 0.5324427480916031 0.4541984732824427 0.46946564885496184 0.3702290076335878 0.4312977099236641 0.3473282442748092 0.40076335877862596 0.3416030534351145 0.34923664122137404 0.34923664122137404
1 0.3816793893129771 0.5515267175572519 0.37595419847328243 0.5877862595419847 0.3816793893129771 0.6526717557251909 0.3969465648854962 0.6698473282442748 0.4312977099236641 0.6812977099236641 0.4599236641221374 0.6755725190839694 0.5763358778625954 0.6259541984732825 0.6145038167938931 0.5954198473282443 0.6106870229007634 0.5744274809160306 0.5992366412213741 0.5629770992366412 0.5381679389312977 0.5477099236641222 0.4446564885496183 0.5076335877862596 0.40458015267175573 0.5095419847328244
1 0.29770992366412213 0.8492366412213741 0.2786259541984733 0.933206106870229 0.28053435114503816 0.9618320610687023 0.3110687022900763 0.9866412213740458 0.3377862595419847 0.9923664122137404 0.4064885496183206 0.9751908396946565 0.5305343511450382 0.8530534351145038 0.6354961832061069 0.6793893129770993 0.6354961832061069 0.6507633587786259 0.6106870229007634 0.6374045801526718 0.5553435114503816 0.6393129770992366 0.5229007633587787 0.6545801526717557 0.5114503816793893 0.6526717557251909 0.42366412213740456 0.7080152671755725 0.3816793893129771 0.7251908396946565 0.3320610687022901 0.7767175572519084
1 0.7652671755725191 0.5725190839694656 0.7652671755725191 0.6049618320610687 0.7461832061068703 0.6259541984732825 0.6946564885496184 0.6297709923664122 0.6889312977099237 0.6393129770992366 0.7270992366412213 0.6545801526717557 0.8874045801526718 0.799618320610687 0.9141221374045801 0.7977099236641222 0.9274809160305344 0.7786259541984732 0.9274809160305344 0.7519083969465649 0.8931297709923665 0.6450381679389313 0.833969465648855 0.5801526717557252 0.8072519083969466 0.5687022900763359
1 0.6374045801526718 0.12595419847328243 0.6374045801526718 0.18893129770992367 0.666030534351145 0.2366412213740458 0.6927480916030534 0.3301526717557252 0.6793893129770993 0.48816793893129773 0.6698473282442748 0.5114503816793893 0.6793893129770993 0.5133587786259542 0.6736641221374046 0.5286259541984732 0.6793893129770993 0.5534351145038168 0.6908396946564885 0.5591603053435115 0.7194656488549618 0.5343511450381679 0.7404580152671756 0.5 0.7557251908396947 0.40458015267175573 0.7684484732824427 0.363868320610687 0.7633587786259542 0.2989828244274809 0.7633587786259542 0.2919847328244275 0.7633587786259542 0.24045801526717558 0.7480916030534351 0.12786259541984732 0.7175572519083969 0.08587786259541985 0.6851145038167938 0.08778625954198473 0.6412213740458015 0.11259541984732824
1 0.7519083969465649 0.41603053435114506 0.7366412213740458 0.4770992366412214 0.7442748091603053 0.5095419847328244 0.7538167938931297 0.5 0.7614503816793893 0.45229007633587787 0.7614503816793893 0.4122137404580153 0.7576335877862596 0.4083969465648855
1 0.7576335877862596 0.17938931297709923 0.7690839694656488 0.4580152671755725 0.799618320610687 0.3988549618320611 0.8148854961832062 0.3473282442748092 0.8206106870229007 0.2919847328244275 0.8148854961832062 0.22709923664122136 0.799618320610687 0.16412213740458015
1 0.7213740458015268 0.7461832061068703 0.7232824427480916 0.8492366412213741 0.7309160305343512 0.8645038167938931 0.7461832061068703 0.8683206106870229 0.7614503816793893 0.8492366412213741 0.7748091603053435 0.8454198473282443 0.8263358778625954 0.8778625954198473 0.8416030534351145 0.8778625954198473 0.8664122137404581 0.8625954198473282 0.8893129770992366 0.8110687022900763 0.8874045801526718 0.7767175572519084 0.8797709923664122 0.7652671755725191 0.8645038167938931 0.7690839694656488 0.8358778625954199 0.7519083969465649 0.8015267175572519 0.7519083969465649 0.7538167938931297 0.7366412213740458
1 0.38549618320610685 0.9866412213740458 0.3816793893129771 0.9980916030534351 0.5209923664122137 0.9980916030534351 0.5687022900763359 0.933206106870229 0.5954198473282443 0.8721374045801527 0.6183206106870229 0.7862595419847328 0.6164122137404581 0.7194656488549618 0.5362595419847328 0.8492366412213741 0.42748091603053434 0.9656488549618321
0 0.2862595419847328 0.7480916030534351 0.23473282442748092 0.8702290076335878 0.2538167938931298 0.8664122137404581 0.2881679389312977 0.8797709923664122 0.29389312977099236 0.851145038167939 0.3320610687022901 0.7709923664122137 0.3797709923664122 0.7232824427480916 0.45610687022900764 0.683206106870229 0.42366412213740456 0.6851145038167938 0.3950381679389313 0.6736641221374046 0.3702290076335878 0.6450381679389313 0.32633587786259544 0.6851145038167938
0 0.4599236641221374 0.2919847328244275 0.4618320610687023 0.3301526717557252 0.4751908396946565 0.37404580152671757 0.517175572519084 0.42366412213740456 0.5763358778625954 0.5400763358778626 0.5858778625954199 0.5076335877862596 0.5706106870229007 0.4961832061068702 0.5744274809160306 0.46946564885496184 0.5515267175572519 0.4026717557251908 0.5152671755725191 0.3377862595419847
0 0.5133587786259542 0.25190839694656486 0.5152671755725191 0.3377862595419847 0.549618320610687 0.3988549618320611 0.5725190839694656 0.46564885496183206 0.5744274809160306 0.5114503816793893 0.583969465648855 0.5114503816793893 0.5954198473282443 0.4847328244274809 0.5992366412213741 0.44083969465648853 0.5973282442748091 0.28435114503816794 0.583969465648855 0.23473282442748092 0.5400763358778626 0.15839694656488548
0 0.6049618320610687 0.8530534351145038 0.6183206106870229 0.9980916030534351 0.7270992366412213 0.9980916030534351 0.7137404580152672 0.9312977099236641 0.6851145038167938 0.8530534351145038 0.6297709923664122 0.7538167938931297 0.6240458015267175 0.7557251908396947
0 0.648854961832061 0.6526717557251909 0.6545801526717557 0.6851145038167938 0.7156488549618321 0.7461832061068703 0.7442748091603053 0.7347328244274809 0.7767175572519084 0.7461832061068703 0.8282442748091603 0.7461832061068703 0.7137404580152672 0.648854961832061 0.6641221374045801 0.6412213740458015
0 0.6240458015267175 0.7022900763358778 0.6259541984732825 0.7461832061068703 0.6679389312977099 0.8129770992366412 0.6889312977099237 0.7958015267175572 0.6717557251908397 0.7270992366412213 0.6450381679389313 0.6736641221374046
0 0.767175572519084 0.46946564885496184 0.767175572519084 0.517175572519084 0.8053435114503816 0.5190839694656488 0.8435114503816794 0.49809160305343514 0.9083969465648855 0.4351145038167939 0.9351145038167938 0.3969465648854962 0.9427480916030534 0.34923664122137404 0.933206106870229 0.33396946564885494 0.9198473282442748 0.32633587786259544 0.8816793893129771 0.3282442748091603 0.8549618320610687 0.33396946564885494 0.8187022900763359 0.3549618320610687
0 0.8129770992366412 0.08778625954198473 0.8129770992366412 0.18129770992366412 0.8301526717557252 0.23282442748091603 0.8683206106870229 0.2900763358778626 0.8931297709923665 0.3148854961832061 0.916030534351145 0.32251908396946566 0.9217557251908397 0.24236641221374045 0.9103053435114504 0.15076335877862596 0.8835877862595419 0.09923664122137404 0.8587786259541985 0.07061068702290077 0.8320610687022901 0.07061068702290077
0 0.8835877862595419 0 0.8282442748091603 0 0.8301526717557252 0.022900763358778626 0.8473282442748091 0.061068702290076333 0.8778625954198473 0.08587786259541985 0.9198473282442748 0.16793893129770993 0.9141221374045801 0.07633587786259542