1 0.22328244274809161 0.003816793893129771 0.22137404580152673 0.03816793893129771 0.24045801526717558 0.16030534351145037 0.38549618320610685 0.383587786259542 0.4026717557251908 0.3931297709923664 0.41603053435114506 0.36450381679389315 0.4751908396946565 0.3530534351145038 0.5324427480916031 0.25572519083969464 0.5591603053435115 0.16603053435114504 0.5687022900763359 0.07633587786259542 0.5534351145038168 0
1 0.013358778625954198 0 0.02480916030534351 0.05152671755725191 0.08206106870229007 0.1946564885496183 0.08206106870229007 0.22137404580152673 0.12022900763358779 0.29770992366412213 0.1736641221374046 0.34541984732824427 0.19083969465648856 0.38740458015267176 0.23282442748091603 0.4389312977099237 0.2958015267175573 0.4961832061068702 0.36259541984732824 0.5362595419847328 0.42748091603053434 0.549618320610687 0.4312977099236641 0.5152671755725191 0.4217557251908397 0.4446564885496183 0.4122137404580153 0.4255725190839695 0.21374045801526717 0.1297709923664122 0.1431297709923664 0.0019083969465648854
1 0.5820610687022901 0.3931297709923664 0.583969465648855 0.44274809160305345 0.6851145038167938 0.43320610687022904 0.8206106870229007 0.3931297709923664 0.8835877862595419 0.36259541984732824 0.9446564885496184 0.32061068702290074 0.9980916030534351 0.2729007633587786 0.9980916030534351 0.07251908396946564 0.8129770992366412 0.14885496183206107 0.6984732824427481 0.22709923664122136 0.6450381679389313 0.2748091603053435 0.5896946564885496 0.3473282442748092
1 0.4179389312977099 0.37213740458015265 0.4122137404580153 0.3969465648854962 0.4255725190839695 0.44083969465648853 0.44274809160305345 0.6221374045801527 0.4446564885496183 0.6297709923664122 0.4541984732824427 0.6297709923664122 0.46946564885496184 0.6259541984732825 0.5515267175572519 0.49809160305343514 0.5744274809160306 0.4255725190839695 0.5820610687022901 0.3606870229007634 0.44274809160305345 0.3606870229007634 0.42366412213740456 0.36259541984732824
1 0.4713740458015267 0.6183206106870229 0.4732824427480916 0.6297709923664122 0.49809160305343514 0.6374045801526718 0.5744274809160306 0.6354961832061069 0.6545801526717557 0.6221374045801527 0.7519083969465649 0.5935114503816794 0.8091603053435115 0.5572519083969466 0.8454198473282443 0.5095419847328244 0.8530534351145038 0.4599236641221374 0.8645038167938931 0.4351145038167939 0.8759541984732825 0.4198473282442748 0.8950381679389313 0.41412213740458015 0.8435114503816794 0.42366412213740456 0.8091603053435115 0.4217557251908397 0.7041984732824428 0.4541984732824427 0.517175572519084 0.5591603053435115
1 0.11450381679389313 0.4580152671755725 0.11259541984732824 0.5267175572519084 0.12022900763358779 0.5648854961832062 0.15267175572519084 0.6145038167938931 0.19083969465648856 0.6450381679389313 0.24045801526717558 0.6679389312977099 0.2862595419847328 0.6755725190839694 0.37213740458015265 0.6698473282442748 0.42748091603053434 0.6469465648854962 0.42748091603053434 0.6412213740458015 0.3549618320610687 0.6335877862595419 0.2824427480916031 0.6125954198473282 0.16793893129770993 0.5438931297709924 0.1316793893129771 0.5076335877862596 0.1297709923664122 0.48091603053435117 0.14694656488549618 0.45038167938931295 0.1851145038167939 0.4255725190839695 0.14885496183206107 0.44083969465648853 0.1316793893129771 0.42366412213740456
1 0.45229007633587787 0.648854961832061 0.45610687022900764 0.7041984732824428 0.4961832061068702 0.7614503816793893 0.5076335877862596 0.767175572519084 0.5343511450381679 0.7652671755725191 0.5725190839694656 0.7347328244274809 0.6278625954198473 0.7213740458015268 0.6526717557251909 0.700381679389313 0.6374045801526718 0.683206106870229 0.6030534351145038 0.6774809160305344 0.5229007633587787 0.6431297709923665 0.5152671755725191 0.6469465648854962 0.5324427480916031 0.6755725190839694 0.5305343511450382 0.6889312977099237 0.517175572519084 0.700381679389313 0.4618320610687023 0.6469465648854962
1 0.5477099236641222 0.6374045801526718 0.5400763358778626 0.6431297709923665 0.5763358778625954 0.6641221374045801 0.648854961832061 0.6851145038167938 0.6603053435114504 0.6946564885496184 0.6984732824427481 0.6965648854961832 0.7194656488549618 0.6908396946564885 0.7958015267175572 0.6927480916030534 0.8683206106870229 0.6812977099236641 0.9179389312977099 0.6583969465648855 0.9408396946564885 0.6564885496183206 0.9961832061068703 0.6316793893129771 0.9980916030534351 0.6240458015267175 0.7755248091603053 0.6278625954198473 0.6679389312977099 0.6202290076335878
1 0.29770992366412213 0.7404580152671756 0.2919847328244275 0.7633587786259542 0.3530534351145038 0.7633587786259542 0.4026717557251908 0.7958015267175572 0.4713740458015267 0.7881679389312977 0.4904580152671756 0.7633587786259542 0.45610687022900764 0.7099236641221374 0.44083969465648853 0.6393129770992366 0.4122137404580153 0.6641221374045801 0.3797709923664122 0.6717557251908397 0.3683206106870229 0.6984732824427481 0.3320610687022901 0.7290076335877863
1 0.6622137404580153 0.6965648854961832 0.6393129770992366 0.7194656488549618 0.6068702290076335 0.7309160305343512 0.6507633587786259 0.7538167938931297 0.732824427480916 0.7690839694656488 0.7557251908396947 0.7690839694656488 0.7824427480916031 0.7576335877862596 0.8530534351145038 0.7595419847328244 0.8606870229007634 0.7461832061068703 0.8587786259541985 0.732824427480916 0.8416030534351145 0.7156488549618321 0.8072519083969466 0.6946564885496184
1 0.32633587786259544 0.5935114503816794 0.29961832061068705 0.6125954198473282 0.32061068702290074 0.6221374045801527 0.3969465648854962 0.6335877862595419 0.41412213740458015 0.6202290076335878 0.41030534351145037 0.5782442748091603 0.3988549618320611 0.5648854961832062
1 0.24427480916030533 0.6698473282442748 0.2385496183206107 0.6717557251908397 0.25572519083969464 0.7061068702290076 0.2786259541984733 0.7366412213740458 0.2958015267175573 0.7461832061068703 0.33396946564885494 0.7270992366412213 0.41412213740458015 0.6641221374045801 0.3148854961832061 0.6793893129770993
0 0.16793893129770993 0.4446564885496183 0.16793893129770993 0.45229007633587787 0.2366412213740458 0.45229007633587787 0.21564885496183206 0.42748091603053434
0 0.013358778625954198 0.3244274809160305 0 0.32633587786259544 0 0.383587786259542 0.061068702290076333 0.42748091603053434 0.11450381679389313 0.4389312977099237 0.1297709923664122 0.4198473282442748 0.15267175572519084 0.4255725190839695 0.2099236641221374 0.4179389312977099 0.16412213740458015 0.3416030534351145 0.061068702290076333 0.3244274809160305
0 0.5763358778625954 0.22328244274809161 0.5286259541984732 0.33587786259541985 0.5419847328244275 0.3435114503816794 0.5935114503816794 0.3377862595419847 0.6475820610687023 0.2703568702290076 0.7690839694656488 0.1717557251908397 0.9465648854961832 0.08396946564885496 0.9637404580152672 0.05534351145038168 0.9809160305343512 0 0.7519083969465649 0 0.648854961832061 0.1049618320610687
0 0.5725190839694656 0.10305343511450382 0.5629770992366412 0.1717557251908397 0.5400763358778626 0.24618320610687022 0.5114503816793893 0.30343511450381677 0.5229007633587787 0.3416030534351145 0.5381679389312977 0.33396946564885494 0.5381679389312977 0.3148854961832061 0.583969465648855 0.20801526717557253 0.6316793893129771 0.12786259541984732 0.6068702290076335 0.04198473282442748 0.6030534351145038 0.05916030534351145
0 0.6259541984732825 0.44656488549618323 0.6335877862595419 0.45610687022900764 0.6755725190839694 0.46564885496183206 0.7404580152671756 0.43320610687022904 0.7786259541984732 0.4312977099236641 0.8091603053435115 0.4179389312977099 0.8549618320610687 0.4198473282442748 0.8721374045801527 0.4351145038167939 0.8606870229007634 0.45038167938931295 0.8587786259541985 0.4713740458015267 0.9179389312977099 0.46564885496183206 0.9980916030534351 0.4446564885496183 0.9980916030534351 0.32061068702290074 0.9484732824427481 0.32633587786259544 0.8625954198473282 0.37786259541984735 0.7824427480916031 0.4122137404580153