1 0.37595419847328243 0.7080152671755725 0.37213740458015265 0.816793893129771 0.3931297709923664 0.8740458015267175 0.44656488549618323 0.9465648854961832 0.46946564885496184 0.9637404580152672 0.4866412213740458 0.9637404580152672 0.5133587786259542 0.9809160305343512 0.5324427480916031 0.9599236641221374 0.566793893129771 0.8912213740458015 0.583969465648855 0.816793893129771 0.6297709923664122 0.7270992366412213 0.6316793893129771 0.6793893129770993 0.5992366412213741 0.45229007633587787 0.5744274809160306 0.3110687022900763 0.5591603053435115 0.26908396946564883 0.5324427480916031 0.2767175572519084 0.49809160305343514 0.3110687022900763 0.4312977099236641 0.44274809160305345 0.40458015267175573 0.5286259541984732 0.383587786259542 0.6297709923664122
1 0.03244274809160305 0.8854961832061069 0.030534351145038167 0.9885496183206107 0.04580152671755725 0.9942748091603053 0.1717557251908397 0.916030534351145 0.23473282442748092 0.8492366412213741 0.3148854961832061 0.7843511450381679 0.37595419847328243 0.6812977099236641 0.37595419847328243 0.6431297709923665 0.42748091603053434 0.42938931297709926 0.28053435114503816 0.5019083969465649 0.23091603053435114 0.5381679389312977 0.16221374045801526 0.6068702290076335 0.10687022900763359 0.6755725190839694 0.06679389312977099 0.7480916030534351
1 0.6393129770992366 0.42748091603053434 0.6374045801526718 0.4389312977099237 0.6603053435114504 0.4961832061068702 0.7080152671755725 0.5801526717557252 0.816793893129771 0.7194656488549618 0.8568702290076335 0.7576335877862596 0.9312977099236641 0.8034351145038168 0.9961832061068703 0.8263358778625954 0.9980916030534351 0.5935114503816794 0.9103053435114504 0.517175572519084 0.767175572519084 0.43320610687022904 0.6889312977099237 0.4083969465648855 0.6526717557251909 0.41603053435114506
1 0.5763358778625954 0.2729007633587786 0.5858778625954199 0.35877862595419846 0.5973282442748091 0.37786259541984735 0.5973282442748091 0.3931297709923664 0.6164122137404581 0.4026717557251908 0.6717557251908397 0.37213740458015265 0.8854961832061069 0.13931297709923665 0.916030534351145 0.12022900763358779 0.9274809160305344 0.09541984732824428 0.9980916030534351 0.026717557251908396 0.9980916030534351 0.0057251908396946565 0.9446564885496184 0.02480916030534351 0.8683206106870229 0.03816793893129771 0.8225190839694656 0.05725190839694656 0.6870229007633588 0.14694656488549618 0.6164122137404581 0.21755725190839695
1 0.21564885496183206 0.25572519083969464 0.2099236641221374 0.2729007633587786 0.25 0.28435114503816794 0.3511450381679389 0.2595419847328244 0.44656488549618323 0.27099236641221375 0.5019083969465649 0.2919847328244275 0.5114503816793893 0.2919847328244275 0.5324427480916031 0.27099236641221375 0.5076335877862596 0.23473282442748092 0.4541984732824427 0.18893129770992367 0.3816793893129771 0.16603053435114504 0.32061068702290074 0.17557251908396945
1 0.04007633587786259 0.28053435114503816 0.0019083969465648854 0.2919847328244275 0.02862595419847328 0.3301526717557252 0.11450381679389313 0.41412213740458015 0.15648854961832062 0.4446564885496183 0.1984732824427481 0.4637404580152672 0.29770992366412213 0.4847328244274809 0.4351145038167939 0.4217557251908397 0.44083969465648853 0.41030534351145037 0.41030534351145037 0.37404580152671757 0.27099236641221375 0.2900763358778626 0.16603053435114504 0.26908396946564883
0 0.2862595419847328 0.2824427480916031 0.2824427480916031 0.2881679389312977 0.2919847328244275 0.29770992366412213 0.36450381679389315 0.3377862595419847 0.38549618320610685 0.30343511450381677 0.38740458015267176 0.27099236641221375 0.3473282442748092 0.2652671755725191
0 0.1851145038167939 0.22328244274809161 0.1851145038167939 0.26145038167938933 0.1984732824427481 0.26717557251908397 0.29770992366412213 0.18702290076335878 0.3320610687022901 0.16793893129770993 0.3549618320610687 0.16793893129770993 0.3568702290076336 0.08206106870229007 0.38549618320610685 0 0.2729007633587786 0 0.2366412213740458 0.06679389312977099
0 0.4064885496183206 0.2748091603053435 0.43320610687022904 0.3244274809160305 0.4637404580152672 0.3606870229007634 0.49809160305343514 0.29961832061068705 0.4446564885496183 0.2767175572519084
0 0.35877862595419846 0.09351145038167939 0.3568702290076336 0.16793893129770993 0.37404580152671757 0.16412213740458015 0.4484732824427481 0.183206106870229 0.5 0.22328244274809161 0.5343511450381679 0.2652671755725191 0.5591603053435115 0.26145038167938933 0.5744274809160306 0.26717557251908397 0.5744274809160306 0.20229007633587787 0.5648854961832062 0.15458015267175573 0.5190839694656488 0.07824427480916031 0.4751908396946565 0.03244274809160305 0.4255725190839695 0 0.3893129770992366 0 0.36450381679389315 0.05916030534351145
0 0.47900763358778625 0.02480916030534351 0.4751908396946565 0.02862595419847328 0.5209923664122137 0.07633587786259542 0.5629770992366412 0.1431297709923664 0.5782442748091603 0.22328244274809161 0.601145038167939 0.23282442748091603 0.6507633587786259 0.1736641221374046 0.6431297709923665 0.13358778625954199 0.6278625954198473 0.10687022900763359 0.566793893129771 0.04389312977099236 0.5133587786259542 0.02480916030534351
0 0.8244274809160306 0 0.5706106870229007 0.003816793893129771 0.666030534351145 0.08778625954198473 0.7270992366412213 0.1183206106870229 0.8416030534351145 0.04389312977099236
0 0.7461832061068703 0.41030534351145037 0.7404580152671756 0.4198473282442748 0.8416030534351145 0.4675572519083969 0.9809160305343512 0.5725190839694656 0.9980916030534351 0.5782442748091603 0.9980916030534351 0.3702290076335878 0.8263358778625954 0.37786259541984735
0 0.6183206106870229 0.5458015267175572 0.6278625954198473 0.6431297709923665 0.6374045801526718 0.6717557251908397 0.6354961832061069 0.7309160305343512 0.6545801526717557 0.7748091603053435 0.7099236641221374 0.8435114503816794 0.7347328244274809 0.8530534351145038 0.767175572519084 0.8874045801526718 0.799618320610687 0.8816793893129771 0.8072519083969466 0.7862595419847328 0.7938931297709924 0.7213740458015268 0.7748091603053435 0.6774809160305344 0.700381679389313 0.5858778625954199 0.6507633587786259 0.5515267175572519
0 0.6545801526717557 0.7786259541984732 0.6641221374045801 0.8377862595419847 0.683206106870229 0.8797709923664122 0.7118320610687023 0.9179389312977099 0.7900763358778626 0.9809160305343512 0.8244274809160306 0.9980916030534351 0.8454198473282443 0.9980916030534351 0.8377862595419847 0.8893129770992366 0.816793893129771 0.8244274809160306 0.8129770992366412 0.8206106870229007 0.8034351145038168 0.8931297709923665 0.7748091603053435 0.8931297709923665 0.7175572519083969 0.8492366412213741 0.6698473282442748 0.7958015267175572 0.6641221374045801 0.7805343511450382
0 0.6221374045801527 0.7461832061068703 0.5896946564885496 0.8148854961832062 0.5610687022900763 0.9083969465648855 0.5324427480916031 0.9675572519083969 0.5019083969465649 0.9980916030534351 0.6106870229007634 0.9980916030534351 0.6354961832061069 0.9599236641221374 0.6545801526717557 0.898854961832061 0.6545801526717557 0.8282442748091603 0.6335877862595419 0.75 0.6297709923664122 0.7423664122137404
0 0.013358778625954198 0.6564885496183206 0.015267175572519083 0.666030534351145 0.08969465648854962 0.6965648854961832 0.21946564885496184 0.5419847328244275 0.14885496183206107 0.5610687022900763