1 0.03816793893129771 0.42366412213740456 0 0.43320610687022904 0.0019083969465648854 0.7595419847328244 0.05343511450381679 0.7614503816793893 0.16984732824427481 0.7423664122137404 0.3988549618320611 0.5877862595419847 0.3683206106870229 0.549618320610687 0.36450381679389315 0.5076335877862596 0.26717557251908397 0.45038167938931295 0.13358778625954199 0.41603053435114506
1 0.3549618320610687 0.6202290076335878 0.32251908396946566 0.648854961832061 0.10114503816793893 0.7919847328244275 0 0.8454198473282443 0 0.9732824427480916 0.06679389312977099 0.9580152671755725 0.16984732824427481 0.9179389312977099 0.1965648854961832 0.9007633587786259 0.23473282442748092 0.9007633587786259 0.30725190839694655 0.8645038167938931 0.3606870229007634 0.8072519083969466 0.4026717557251908 0.7900763358778626 0.4904580152671756 0.7080152671755725 0.5400763358778626 0.6374045801526718 0.5534351145038168 0.6068702290076335 0.5610687022900763 0.5572519083969466 0.5515267175572519 0.5458015267175572 0.46564885496183206 0.5553435114503816
1 0.09351145038167939 0 0.09351145038167939 0.019083969465648856 0.16221374045801526 0.1736641221374046 0.2538167938931298 0.30343511450381677 0.2881679389312977 0.33969465648854963 0.3568702290076336 0.39122137404580154 0.45229007633587787 0.40076335877862596 0.44274809160305345 0.29770992366412213 0.4122137404580153 0.1851145038167939 0.37404580152671757 0.10114503816793893 0.3110687022900763 0.015267175572519083 0.2958015267175573 0
1 0.4312977099236641 0.11259541984732824 0.42938931297709926 0.1736641221374046 0.4446564885496183 0.2099236641221374 0.4446564885496183 0.2366412213740458 0.46564885496183206 0.28053435114503816 0.5687022900763359 0.45610687022900764 0.6393129770992366 0.5057251908396947 0.648854961832061 0.48282442748091603 0.6450381679389313 0.39122137404580154 0.6316793893129771 0.32251908396946566 0.5877862595419847 0.1965648854961832 0.5209923664122137 0.13740458015267176 0.46564885496183206 0.12786259541984732
1 0.3702290076335878 0.3988549618320611 0.37595419847328243 0.5610687022900763 0.4083969465648855 0.5687022900763359 0.4618320610687023 0.5515267175572519 0.6221374045801527 0.5381679389312977 0.6412213740458015 0.5286259541984732 0.6469465648854962 0.4732824427480916 0.6183206106870229 0.49236641221374045 0.5133587786259542 0.42748091603053434 0.43702290076335876 0.40458015267175573
1 0.6316793893129771 0 0.6297709923664122 0.30725190839694655 0.6545801526717557 0.4351145038167939 0.7041984732824428 0.3187022900763359 0.7061068702290076 0.29389312977099236 0.6984732824427481 0.2595419847328244 0.700381679389313 0.19083969465648856 0.6851145038167938 0.10687022900763359 0.6603053435114504 0.05916030534351145 0.648854961832061 0.015267175572519083 0.6412213740458015 0
1 0.6545801526717557 0.4446564885496183 0.6564885496183206 0.46564885496183206 0.6793893129770993 0.45038167938931295 0.7041984732824428 0.45610687022900764 0.7041984732824428 0.4713740458015267 0.6908396946564885 0.48091603053435117 0.6755725190839694 0.5095419847328244 0.6736641221374046 0.5209923664122137 0.6812977099236641 0.5267175572519084 0.7232824427480916 0.5190839694656488 0.7767175572519084 0.4770992366412214 0.7786259541984732 0.44656488549618323 0.7461832061068703 0.40458015267175573 0.732824427480916 0.3473282442748092 0.7175572519083969 0.3282442748091603 0.7061068702290076 0.3244274809160305 0.6965648854961832 0.33396946564885494
1 0.4389312977099237 0.8129770992366412 0.4446564885496183 0.8377862595419847 0.4351145038167939 0.8473282442748091 0.44083969465648853 0.8587786259541985 0.4580152671755725 0.8664122137404581 0.517175572519084 0.8702290076335878 0.5744274809160306 0.8625954198473282 0.6412213740458015 0.8148854961832062 0.6793893129770993 0.7461832061068703 0.6908396946564885 0.6946564885496184 0.6812977099236641 0.6030534351145038 0.6622137404580153 0.5458015267175572 0.6507633587786259 0.5438931297709924 0.6507633587786259 0.5954198473282443 0.6316793893129771 0.6812977099236641 0.6145038167938931 0.7213740458015268 0.5553435114503816 0.8148854961832062 0.5229007633587787 0.8473282442748091 0.4904580152671756 0.8530534351145038 0.4541984732824427 0.8377862595419847
1 0.666030534351145 0.5305343511450382 0.6603053435114504 0.5419847328244275 0.6851145038167938 0.6030534351145038 0.7366412213740458 0.6431297709923665 0.7538167938931297 0.6812977099236641 0.7748091603053435 0.6965648854961832 0.7748091603053435 0.6278625954198473 0.8053435114503816 0.5801526717557252 0.7958015267175572 0.5019083969465649 0.7862595419847328 0.49236641221374045 0.7652671755725191 0.4904580152671756 0.7099236641221374 0.5286259541984732
1 0.7041984732824428 0.16412213740458015 0.700381679389313 0.2538167938931298 0.7061068702290076 0.3187022900763359 0.7309160305343512 0.33587786259541985 0.7442748091603053 0.366412213740458 0.7614503816793893 0.3282442748091603 0.7748091603053435 0.25190839694656486 0.7748091603053435 0.22519083969465647 0.7614503816793893 0.18893129770992367 0.7652671755725191 0.1297709923664122 0.7385496183206107 0.12213740458015267
0 0.007633587786259542 0.007633587786259542 0 0.007633587786259542 0 0.22137404580152673 0.07061068702290077 0.29961832061068705 0.13740458015267176 0.3530534351145038 0.30916030534351147 0.45610687022900764 0.3435114503816794 0.4599236641221374 0.34923664122137404 0.3893129770992366 0.2729007633587786 0.32633587786259544 0.18129770992366412 0.21183206106870228 0.1316793893129771 0.12022900763358779 0.10877862595419847 0.05725190839694656 0.06297709923664122 0.02480916030534351
0 0.33396946564885494 0.9484732824427481 0.3320610687022901 0.9980916030534351 0.39122137404580154 0.9980916030534351 0.4351145038167939 0.9293893129770993 0.4618320610687023 0.8225190839694656 0.45610687022900764 0.7519083969465649 0.4026717557251908 0.7938931297709924 0.37213740458015265 0.8034351145038168 0.3530534351145038 0.8206106870229007 0.3549618320610687 0.8416030534351145
0 0.45610687022900764 0 0.3320610687022901 0 0.3320610687022901 0.01717557251908397 0.33587786259541985 0.03816793893129771 0.37404580152671757 0.09541984732824428 0.41412213740458015 0.18129770992366412 0.4599236641221374 0.36450381679389315 0.4732824427480916 0.30343511450381677 0.44274809160305345 0.24045801526717558 0.4389312977099237 0.20229007633587787 0.4255725190839695 0.1736641221374046 0.4255725190839695 0.13931297709923665 0.44656488549618323 0.11450381679389313 0.4770992366412214 0.12404580152671756