1 0.49236641221374045 0.3549618320610687 0.4866412213740458 0.36259541984732824 0.5057251908396947 0.37404580152671757 0.5400763358778626 0.42938931297709926 0.7099236641221374 0.5286259541984732 0.7652671755725191 0.5553435114503816 0.9179389312977099 0.5801526717557252 0.8797709923664122 0.5572519083969466 0.8587786259541985 0.4732824427480916 0.799618320610687 0.41030534351145037 0.6736641221374046 0.366412213740458 0.6068702290076335 0.3530534351145038 0.5152671755725191 0.34923664122137404
1 0.4618320610687023 0.366412213740458 0.4446564885496183 0.5400763358778626 0.42938931297709926 0.5935114503816794 0.4389312977099237 0.6221374045801527 0.5954198473282443 0.6297709923664122 0.5935114503816794 0.5629770992366412 0.566793893129771 0.4770992366412214 0.5057251908396947 0.37786259541984735 0.4751908396946565 0.3549618320610687 0.46564885496183206 0.3549618320610687
1 0.13549618320610687 0.4217557251908397 0.12786259541984732 0.4599236641221374 0.13549618320610687 0.5515267175572519 0.1450381679389313 0.5629770992366412 0.16030534351145037 0.5553435114503816 0.19083969465648856 0.5591603053435115 0.16221374045801526 0.5438931297709924 0.1431297709923664 0.5038167938931297 0.15648854961832062 0.46946564885496184 0.1851145038167939 0.44083969465648853 0.3015267175572519 0.37213740458015265 0.3606870229007634 0.3549618320610687 0.44274809160305345 0.34541984732824427 0.4446564885496183 0.33587786259541985 0.4083969465648855 0.32061068702290074 0.33396946564885494 0.30916030534351147 0.25190839694656486 0.32061068702290074 0.183206106870229 0.3568702290076336
1 0.4732824427480916 0.2862595419847328 0.4732824427480916 0.3244274809160305 0.5133587786259542 0.3110687022900763 0.5400763358778626 0.3282442748091603 0.5381679389312977 0.3435114503816794 0.5591603053435115 0.3416030534351145 0.6736641221374046 0.29389312977099236 0.6698473282442748 0.2786259541984733 0.6507633587786259 0.2652671755725191 0.5935114503816794 0.25190839694656486 0.5438931297709924 0.21755725190839695 0.5133587786259542 0.22709923664122136
1 0.026717557251908396 0.9751908396946565 0.02862595419847328 0.9980916030534351 0.13549618320610687 0.9980916030534351 0.16030534351145037 0.982824427480916 0.1984732824427481 0.9045801526717557 0.43320610687022904 0.5572519083969466 0.45229007633587787 0.4637404580152672 0.4484732824427481 0.43702290076335876 0.3988549618320611 0.44274809160305345 0.3435114503816794 0.4675572519083969 0.25763358778625955 0.5343511450381679 0.20801526717557253 0.5954198473282443 0.19083969465648856 0.6354961832061069 0.13549618320610687 0.6889312977099237 0.10114503816793893 0.7538167938931297 0.09732824427480916 0.8015267175572519 0.06297709923664122 0.8683206106870229
1 0.30725190839694655 0.22137404580152673 0.3015267175572519 0.22328244274809161 0.3053435114503817 0.22900763358778625 0.3606870229007634 0.2652671755725191 0.37786259541984735 0.2919847328244275 0.4580152671755725 0.34541984732824427 0.46946564885496184 0.3416030534351145 0.46946564885496184 0.2919847328244275 0.5095419847328244 0.23091603053435114 0.5038167938931297 0.20801526717557253 0.48854961832061067 0.1984732824427481 0.42748091603053434 0.19083969465648856 0.3702290076335878 0.22328244274809161
1 0.6335877862595419 0.25190839694656486 0.6316793893129771 0.25763358778625955 0.666030534351145 0.27099236641221375 0.6793893129770993 0.2919847328244275 0.8263358778625954 0.29770992366412213 0.8759541984732825 0.26145038167938933 0.8778625954198473 0.24427480916030533 0.8683206106870229 0.23282442748091603 0.816793893129771 0.2385496183206107 0.7729007633587787 0.22328244274809161 0.7461832061068703 0.22328244274809161 0.6641221374045801 0.2385496183206107
1 0.5725190839694656 0.33587786259541985 0.5591603053435115 0.3473282442748092 0.6221374045801527 0.3530534351145038 0.683206106870229 0.3683206106870229 0.8148854961832062 0.3606870229007634 0.9980916030534351 0.366412213740458 0.9961832061068703 0.3568702290076336 0.9580152671755725 0.3377862595419847 0.9312977099236641 0.33396946564885494 0.8874045801526718 0.31297709923664124 0.8015267175572519 0.29770992366412213 0.6793893129770993 0.29389312977099236 0.6564885496183206 0.30916030534351147
1 0.6030534351145038 0.5477099236641222 0.5973282442748091 0.549618320610687 0.5973282442748091 0.5725190839694656 0.6087786259541985 0.6431297709923665 0.648854961832061 0.6984732824427481 0.6984732824427481 0.7461832061068703 0.8358778625954199 0.8416030534351145 0.982824427480916 0.9045801526717557 0.9980916030534351 0.9007633587786259 0.9980916030534351 0.700381679389313 0.9312977099236641 0.6450381679389313 0.8206106870229007 0.5896946564885496 0.6870229007633588 0.5534351145038168
1 0.25190839694656486 0.8435114503816794 0.2366412213740458 0.9446564885496184 0.24045801526717558 0.9980916030534351 0.566793893129771 0.9942748091603053 0.5801526717557252 0.9408396946564885 0.583969465648855 0.8854961832061069 0.5725190839694656 0.8091603053435115 0.5477099236641222 0.7309160305343512 0.49427480916030536 0.6393129770992366 0.4866412213740458 0.6316793893129771 0.45610687022900764 0.6316793893129771 0.43320610687022904 0.6221374045801527 0.42366412213740456 0.5992366412213741 0.4064885496183206 0.5992366412213741 0.2881679389312977 0.7729007633587787
0 0.5687022900763359 0.6469465648854962 0.5534351145038168 0.6564885496183206 0.5400763358778626 0.6545801526717557 0.5419847328244275 0.6736641221374046 0.5820610687022901 0.7347328244274809 0.6125954198473282 0.8091603053435115 0.6717557251908397 0.8969465648854962 0.7729007633587787 0.9942748091603053 0.9904580152671756 0.9961832061068703 0.9732824427480916 0.9351145038167938 0.9484732824427481 0.8950381679389313 0.8206106870229007 0.8377862595419847 0.6812977099236641 0.7366412213740458 0.6087786259541985 0.6507633587786259
0 0.06297709923664122 0.566793893129771 0 0.6087786259541985 0 0.666030534351145 0.07824427480916031 0.6622137404580153 0.15458015267175573 0.6431297709923665 0.18129770992366412 0.6431297709923665 0.20419847328244276 0.5954198473282443 0.24618320610687022 0.5419847328244275 0.18129770992366412 0.5362595419847328 0.18129770992366412 0.5458015267175572 0.15458015267175573 0.566793893129771 0.14122137404580154 0.5648854961832062 0.1297709923664122 0.5477099236641222
0 0.16603053435114504 0.4961832061068702 0.15076335877862596 0.5038167938931297 0.16412213740458015 0.5362595419847328 0.25190839694656486 0.5362595419847328 0.3148854961832061 0.48282442748091603 0.2919847328244275 0.4732824427480916 0.24236641221374045 0.4732824427480916
0 0.6412213740458015 0.5381679389312977 0.6450381679389313 0.5458015267175572 0.7194656488549618 0.5553435114503816 0.7958015267175572 0.5763358778625954 0.8740458015267175 0.6087786259541985 0.9522900763358778 0.6603053435114504 0.9980916030534351 0.6679389312977099 0.9942748091603053 0.5419847328244275 0.8740458015267175 0.5209923664122137 0.8759541984732825 0.5381679389312977 0.8874045801526718 0.5515267175572519 0.8835877862595419 0.5744274809160306 0.8301526717557252 0.5744274809160306 0.7938931297709924 0.5591603053435115 0.7595419847328244 0.5572519083969466 0.6984732824427481 0.5248091603053435
0 0.5267175572519084 0.666030534351145 0.5286259541984732 0.6889312977099237 0.5534351145038168 0.7347328244274809 0.5763358778625954 0.8129770992366412 0.5877862595419847 0.8950381679389313 0.6049618320610687 0.9122137404580153 0.6164122137404581 0.9427480916030534 0.6431297709923665 0.8606870229007634 0.5820610687022901 0.7461832061068703 0.5610687022900763 0.6679389312977099 0.5515267175572519 0.6545801526717557 0.5381679389312977 0.6545801526717557
1 0.31679389312977096 0.3702290076335878 0.3148854961832061 0.37786259541984735 0.4064885496183206 0.4217557251908397 0.42748091603053434 0.4083969465648855 0.42938931297709926 0.3606870229007634 0.42366412213740456 0.3549618320610687 0.383587786259542 0.3549618320610687
1 0.26717557251908397 0.2862595419847328 0.2538167938931298 0.3187022900763359 0.2900763358778626 0.30916030534351147 0.34923664122137404 0.30725190839694655 0.4351145038167939 0.32251908396946566 0.3187022900763359 0.24236641221374045 0.2958015267175573 0.25