1 0.3969465648854962 0.40458015267175573 0.3988549618320611 0.4580152671755725 0.4732824427480916 0.5763358778625954 0.5133587786259542 0.5858778625954199 0.5458015267175572 0.5725190839694656 0.5610687022900763 0.5381679389312977 0.583969465648855 0.43320610687022904 0.583969465648855 0.3988549618320611 0.5687022900763359 0.37595419847328243 0.5038167938931297 0.3473282442748092 0.46946564885496184 0.3416030534351145 0.42748091603053434 0.3568702290076336
1 0.19274809160305342 0.47900763358778625 0.1984732824427481 0.5477099236641222 0.2366412213740458 0.566793893129771 0.29389312977099236 0.5916030534351145 0.3301526717557252 0.5782442748091603 0.3473282442748092 0.5858778625954199 0.3530534351145038 0.6125954198473282 0.3969465648854962 0.6221374045801527 0.4751908396946565 0.6278625954198473 0.4847328244274809 0.6145038167938931 0.34541984732824427 0.5477099236641222 0.32633587786259544 0.5076335877862596 0.3015267175572519 0.49427480916030536
1 0.03816793893129771 0.6125954198473282 0.03625954198473282 0.6526717557251909 0.04770992366412214 0.6717557251908397 0.07824427480916031 0.6889312977099237 0.16793893129770993 0.7099236641221374 0.22137404580152673 0.7309160305343512 0.40458015267175573 0.7290076335877863 0.4351145038167939 0.7213740458015268 0.4484732824427481 0.7041984732824428 0.3568702290076336 0.7061068702290076 0.2862595419847328 0.6927480916030534 0.25190839694656486 0.6755725190839694 0.22137404580152673 0.648854961832061 0.21374045801526717 0.5992366412213741 0.1851145038167939 0.5782442748091603 0.08778625954198473 0.5763358778625954
1 0.29389312977099236 0.5973282442748091 0.2919847328244275 0.6164122137404581 0.3015267175572519 0.6297709923664122 0.3187022900763359 0.6335877862595419 0.38549618320610685 0.6793893129770993 0.4446564885496183 0.6851145038167938 0.4446564885496183 0.6793893129770993 0.3568702290076336 0.6412213740458015 0.3473282442748092 0.6240458015267175 0.3435114503816794 0.583969465648855 0.32251908396946566 0.5820610687022901
1 0.5248091603053435 0.683206106870229 0.5114503816793893 0.6946564885496184 0.5 0.6946564885496184 0.5 0.7061068702290076 0.5190839694656488 0.7194656488549618 0.6641221374045801 0.7309160305343512 0.7729007633587787 0.6946564885496184 0.7824427480916031 0.6431297709923665 0.7480916030534351 0.6583969465648855 0.7118320610687023 0.6622137404580153 0.6812977099236641 0.6774809160305344 0.6297709923664122 0.683206106870229 0.6106870229007634 0.6927480916030534 0.5610687022900763 0.6927480916030534 0.5458015267175572 0.700381679389313
1 0.5114503816793893 0.6125954198473282 0.5038167938931297 0.6641221374045801 0.5229007633587787 0.6717557251908397 0.5820610687022901 0.6354961832061069 0.5992366412213741 0.6183206106870229 0.6087786259541985 0.5877862595419847 0.5992366412213741 0.5744274809160306 0.5763358778625954 0.5648854961832062 0.5343511450381679 0.5801526717557252
1 0.601145038167939 0.6603053435114504 0.6030534351145038 0.6698473282442748 0.6622137404580153 0.666030534351145 0.7786259541984732 0.6354961832061069 0.8854961832061069 0.5591603053435115 0.8931297709923665 0.5209923664122137 0.8606870229007634 0.5057251908396947 0.7366412213740458 0.517175572519084 0.7156488549618321 0.5343511450381679 0.7041984732824428 0.5744274809160306 0.6717557251908397 0.6297709923664122 0.6450381679389313 0.6431297709923665 0.6164122137404581 0.6469465648854962
1 0.6068702290076335 0.5 0.5992366412213741 0.5152671755725191 0.6030534351145038 0.5209923664122137 0.6374045801526718 0.5209923664122137 0.8244274809160306 0.44656488549618323 0.8664122137404581 0.3969465648854962 0.8721374045801527 0.3702290076335878 0.8645038167938931 0.3416030534351145 0.7633587786259542 0.37404580152671757 0.6679389312977099 0.4351145038167939
1 0.566793893129771 0.517175572519084 0.5648854961832062 0.5458015267175572 0.5744274809160306 0.5591603053435115 0.6183206106870229 0.5801526717557252 0.6412213740458015 0.5706106870229007 0.6374045801526718 0.5305343511450382 0.6221374045801527 0.5267175572519084 0.5954198473282443 0.49809160305343514 0.5763358778625954 0.4961832061068702
1 0.5992366412213741 0.6259541984732825 0.6030534351145038 0.6526717557251909 0.666030534351145 0.6316793893129771 0.6965648854961832 0.583969465648855 0.700381679389313 0.5553435114503816 0.6774809160305344 0.5534351145038168 0.6259541984732825 0.5820610687022901
1 0.799618320610687 0.6202290076335878 0.7919847328244275 0.6393129770992366 0.8683206106870229 0.6354961832061069 0.9942748091603053 0.5954198473282443 0.9980916030534351 0.5229007633587787 0.8931297709923665 0.5553435114503816 0.8473282442748091 0.5935114503816794 0.816793893129771 0.6049618320610687
1 0.4484732824427481 0.7290076335877863 0.44274809160305345 0.7595419847328244 0.4618320610687023 0.7805343511450382 0.4866412213740458 0.7748091603053435 0.5438931297709924 0.7786259541984732 0.5687022900763359 0.7538167938931297 0.5572519083969466 0.7290076335877863 0.5190839694656488 0.7232824427480916 0.48282442748091603 0.6946564885496184 0.46946564885496184 0.6946564885496184
1 0.5381679389312977 0.7366412213740458 0.5286259541984732 0.7423664122137404 0.6145038167938931 0.75 0.6469465648854962 0.7423664122137404 0.6622137404580153 0.7309160305343512
1 0.23473282442748092 0.2652671755725191 0.23282442748091603 0.3187022900763359 0.25763358778625955 0.37213740458015265 0.2919847328244275 0.4026717557251908 0.3931297709923664 0.4580152671755725 0.3893129770992366 0.41603053435114506 0.4217557251908397 0.3606870229007634 0.4179389312977099 0.3473282442748092 0.3683206106870229 0.2900763358778626 0.31297709923664124 0.2480916030534351 0.2538167938931298 0.22709923664122136
1 0.2480916030534351 0.4064885496183206 0.24618320610687022 0.41603053435114506 0.2595419847328244 0.4351145038167939 0.3683206106870229 0.5152671755725191 0.41030534351145037 0.5190839694656488 0.4255725190839695 0.5076335877862596 0.41412213740458015 0.4961832061068702 0.3244274809160305 0.4713740458015267 0.2958015267175573 0.41030534351145037 0.2652671755725191 0.4026717557251908
0 0.015267175572519083 0.2633587786259542 0 0.26908396946564883 0 0.3606870229007634 0.04770992366412214 0.3549618320610687 0.12213740458015267 0.3320610687022901 0.19274809160305342 0.2919847328244275 0.17557251908396945 0.2652671755725191 0.1316793893129771 0.2538167938931298 0.08396946564885496 0.2480916030534351
0 0.5744274809160306 0.20038167938931298 0.566793893129771 0.24236641221374045 0.5744274809160306 0.3282442748091603 0.5820610687022901 0.33396946564885494 0.6240458015267175 0.3148854961832061 0.6641221374045801 0.28053435114503816 0.6812977099236641 0.2538167938931298 0.6812977099236641 0.21946564885496184 0.6278625954198473 0.16603053435114504 0.583969465648855 0.1851145038167939
0 0.4751908396946565 0.21946564885496184 0.4732824427480916 0.2366412213740458 0.48282442748091603 0.26145038167938933 0.5229007633587787 0.28053435114503816 0.5438931297709924 0.2748091603053435 0.5610687022900763 0.25190839694656486 0.5687022900763359 0.20229007633587787 0.517175572519084 0.1946564885496183 0.4961832061068702 0.20038167938931298
0 0.6202290076335878 0.32251908396946566 0.6202290076335878 0.3282442748091603 0.6507633587786259 0.3282442748091603 0.6889312977099237 0.3187022900763359 0.7213740458015268 0.30725190839694655 0.7786259541984732 0.27099236641221375 0.7958015267175572 0.2366412213740458 0.7958015267175572 0.18129770992366412 0.7652671755725191 0.18129770992366412 0.7442748091603053 0.20038167938931298 0.683206106870229 0.29770992366412213
0 0.01717557251908397 0.5229007633587787 0 0.5381679389312977 0 0.5782442748091603 0.011450381679389313 0.6183206106870229 0.02862595419847328 0.6259541984732825 0.05534351145038168 0.5916030534351145 0.08778625954198473 0.5706106870229007 0.08778625954198473 0.5629770992366412 0.05152671755725191 0.5324427480916031 0.02862595419847328 0.5209923664122137
0 0.833969465648855 0.21374045801526717 0.8377862595419847 0.2633587786259542 0.8206106870229007 0.3053435114503817 0.7576335877862596 0.3702290076335878 0.8301526717557252 0.3473282442748092 0.8492366412213741 0.3244274809160305 0.8530534351145038 0.2729007633587786 0.8721374045801527 0.22709923664122136 0.8587786259541985 0.21374045801526717