1 0.5079617834394905 0.5493630573248408 0.5095541401273885 0.5939490445859873 0.5366242038216561 0.6130573248407644 0.5812101910828026 0.6226114649681529 0.6401273885350318 0.6226114649681529 0.6719745222929936 0.5987261146496815 0.6815286624203821 0.571656050955414 0.6751592356687898 0.535031847133758 0.6226114649681529 0.4156050955414013 0.5955414012738853 0.3821656050955414 0.5700636942675159 0.39012738853503187 0.5621019108280255 0.4012738853503185 0.5477707006369427 0.4570063694267516
0 0.34235668789808915 0.589171974522293 0.34076433121019106 0.6146496815286624 0.3487261146496815 0.6480891719745223 0.37261146496815284 0.7006369426751592 0.39012738853503187 0.6831210191082803 0.4554140127388535 0.6480891719745223 0.5031847133757962 0.6035031847133758 0.5047770700636943 0.5509554140127388 0.5254777070063694 0.5095541401273885 0.5493630573248408 0.4315286624203822 0.5382165605095541 0.4299363057324841 0.49363057324840764 0.445859872611465 0.4140127388535032 0.4888535031847134 0.3614649681528662 0.5414012738853503
1 0.6385350318471338 0.38057324840764334 0.6385350318471338 0.43312101910828027 0.6528662420382165 0.4840764331210191 0.7261146496815286 0.6194267515923567 0.7691082802547771 0.6624203821656051 0.8455414012738853 0.7006369426751592 0.9426751592356688 0.7197452229299363 0.9633757961783439 0.7165605095541401 0.9872611464968153 0.6847133757961783 0.9920382165605095 0.6576433121019108 0.9920382165605095 0.6385350318471338 0.9665605095541401 0.5780254777070064 0.9060509554140127 0.517515923566879 0.8678343949044586 0.49203821656050956 0.8455414012738853 0.46496815286624205 0.6831210191082803 0.3646496815286624 0.6624203821656051 0.35828025477707004
1 0.08917197452229299 0.2802547770700637 0.0875796178343949 0.3073248407643312 0.09394904458598727 0.32643312101910826 0.11464968152866242 0.35668789808917195 0.14331210191082802 0.3630573248407643 0.18949044585987262 0.3614649681528662 0.24363057324840764 0.33121019108280253 0.34235668789808915 0.3057324840764331 0.4856687898089172 0.3248407643312102 0.5095541401273885 0.321656050955414 0.5207006369426752 0.32802547770700635 0.5398089171974523 0.32802547770700635 0.552547770700637 0.3089171974522293 0.5254777070063694 0.2786624203821656 0.5031847133757962 0.2786624203821656 0.4840764331210191 0.2659235668789809 0.41878980891719747 0.2531847133757962 0.4028662420382166 0.24522292993630573 0.3996815286624204 0.23248407643312102 0.39331210191082805 0.23089171974522293 0.13535031847133758 0.2515923566878981 0.11942675159235669 0.25636942675159236
1 0.34235668789808915 0.589171974522293 0.34076433121019106 0.6146496815286624 0.3487261146496815 0.6480891719745223 0.37261146496815284 0.7022292993630573 0.39012738853503187 0.6831210191082803 0.4554140127388535 0.6480891719745223 0.5031847133757962 0.6035031847133758 0.5047770700636943 0.5509554140127388 0.5254777070063694 0.5095541401273885 0.5493630573248408 0.4315286624203822 0.49363057324840764 0.445859872611465 0.4140127388535032 0.4888535031847134 0.3646496815286624 0.5366242038216561
1 0.5700636942675159 0.18630573248407642 0.5732484076433121 0.2340764331210191 0.5828025477707006 0.23885350318471338 0.5987261146496815 0.2356687898089172 0.6257961783439491 0.25636942675159236 0.6337579617834395 0.27229299363057324 0.6305732484076433 0.30254777070063693 0.6385350318471338 0.304140127388535 0.7101910828025477 0.20382165605095542 0.7659235668789809 0.1449044585987261 0.7691082802547771 0.1321656050955414 0.7611464968152867 0.12101910828025478 0.7627388535031847 0.10987261146496816 0.7738853503184714 0.10509554140127389 0.7961783439490446 0.10987261146496816 0.802547770700637 0.10509554140127389 0.802547770700637 0.09394904458598727 0.785031847133758 0.0732484076433121 0.7611464968152867 0.07006369426751592 0.6496815286624203 0.1035031847133758 0.6050955414012739 0.13694267515923567 0.5812101910828026 0.1624203821656051
1 0.7515923566878981 0.17038216560509553 0.75 0.20939490445859874 0.7372611464968153 0.24363057324840764 0.7452229299363057 0.2754777070063694 0.8375796178343949 0.2770700636942675 0.8662420382165605 0.2659235668789809 0.8678343949044586 0.25 0.8455414012738853 0.22770700636942676 0.8726114649681529 0.18789808917197454 0.8789808917197452 0.16560509554140126 0.8614649681528662 0.1321656050955414 0.8089171974522293 0.10828025477707007 0.7707006369426752 0.11305732484076433 0.7643312101910829 0.11942675159235669 0.7707006369426752 0.13535031847133758
1 0.16878980891719744 0.19585987261146498 0.1624203821656051 0.19904458598726116 0.16878980891719744 0.20222929936305734 0.18152866242038215 0.24203821656050956 0.3885350318471338 0.22611464968152867 0.4124203821656051 0.24681528662420382 0.4554140127388535 0.2515923566878981 0.46178343949044587 0.23089171974522293 0.4012738853503185 0.19904458598726116 0.3200636942675159 0.17834394904458598 0.22929936305732485 0.18312101910828024
1 0.7292993630573248 0.37898089171974525 0.7245222929936306 0.3853503184713376 0.7165605095541401 0.3837579617834395 0.8471337579617835 0.46337579617834396 0.8662420382165605 0.47929936305732485 0.8726114649681529 0.49363057324840764 0.9028662420382165 0.5111464968152867 0.964968152866242 0.571656050955414 0.9856687898089171 0.6098726114649682 0.9984076433121019 0.6178343949044586 0.9984076433121019 0.47770700636942676 0.9347133757961783 0.4315286624203822 0.8614649681528662 0.3996815286624204 0.785031847133758 0.38057324840764334
0 0.160828025477707 0.4554140127388535 0.1592356687898089 0.46337579617834396 0.25796178343949044 0.4856687898089172 0.33121019108280253 0.4840764331210191 0.41878980891719747 0.43789808917197454 0.45222929936305734 0.428343949044586 0.47611464968152867 0.43789808917197454 0.47770700636942676 0.44745222929936307 0.5254777070063694 0.4315286624203822 0.5270700636942676 0.4171974522292994 0.4697452229299363 0.4012738853503185 0.32802547770700635 0.3964968152866242 0.24681528662420382 0.410828025477707
0 0.2961783439490446 0.5286624203821656 0.2929936305732484 0.5398089171974523 0.36942675159235666 0.5254777070063694 0.42038216560509556 0.482484076433121 0.5302547770700637 0.428343949044586 0.4681528662420382 0.4251592356687898 0.4251592356687898 0.43630573248407645 0.339171974522293 0.47929936305732485
0 0.32961783439490444 0.07006369426751592 0.32961783439490444 0.12738853503184713 0.339171974522293 0.15445859872611464 0.35987261146496813 0.18471337579617833 0.3980891719745223 0.19585987261146498 0.4713375796178344 0.23089171974522293 0.5095541401273885 0.2340764331210191 0.517515923566879 0.22770700636942676 0.5191082802547771 0.19745222929936307 0.5063694267515924 0.16719745222929935 0.4299363057324841 0.08598726114649681 0.40764331210191085 0.06847133757961783 0.37579617834394907 0.05573248407643312 0.3487261146496815 0.05573248407643312
0 0.07165605095541401 0.13694267515923567 0.06687898089171974 0.15127388535031847 0.08439490445859872 0.18312101910828024 0.1942675159235669 0.18312101910828024 0.23885350318471338 0.16560509554140126 0.28662420382165604 0.1337579617834395 0.3184713375796178 0.10031847133757962 0.321656050955414 0.08439490445859872 0.2770700636942675 0.07484076433121019 0.16719745222929935 0.08280254777070063 0.1321656050955414 0.09394904458598727 0.09076433121019108 0.1178343949044586
0 0.012738853503184714 0.10828025477707007 0 0.11464968152866242 0 0.17197452229299362 0.027070063694267517 0.16719745222929935 0.05732484076433121 0.15286624203821655 0.08121019108280254 0.12579617834394904 0.14968152866242038 0.08439490445859872 0.0589171974522293 0.0875796178343949
0 0.2356687898089172 0 0.2372611464968153 0.014331210191082803 0.27388535031847133 0.02388535031847134 0.28503184713375795 0.06210191082802548 0.2914012738853503 0.06687898089171974 0.3232484076433121 0.0732484076433121 0.3503184713375796 0.04936305732484077 0.3519108280254777 0.02388535031847134 0.3375796178343949 0
0 0.1035031847133758 0.0732484076433121 0.10031847133757962 0.07961783439490445 0.14171974522292993 0.07643312101910828 0.2659235668789809 0.052547770700636945 0.2770700636942675 0.044585987261146494 0.2770700636942675 0.030254777070063694 0.2611464968152866 0.020700636942675158 0.21496815286624205 0.01592356687898089 0.1735668789808917 0.03503184713375796 0.12738853503184713 0.06847133757961783
0 0.38057324840764334 0.03503184713375796 0.37898089171974525 0.050955414012738856 0.4028662420382166 0.0589171974522293 0.49044585987261147 0.0589171974522293 0.5843949044585988 0.04617834394904458 0.6337579617834395 0.025477707006369428 0.678343949044586 0.01910828025477707 0.7006369426751592 0 0.428343949044586 0
0 0.41878980891719747 0.07006369426751592 0.46337579617834396 0.11305732484076433 0.5207006369426752 0.12261146496815287 0.6194267515923567 0.1178343949044586 0.6703821656050956 0.09235668789808917 0.6385350318471338 0.0732484076433121 0.5636942675159236 0.06050955414012739 0.46496815286624205 0.06050955414012739
0 0.7579617834394905 0.3662420382165605 0.7579617834394905 0.37420382165605093 0.85828025477707 0.39490445859872614 0.9952229299363057 0.3821656050955414 0.9984076433121019 0.27070063694267515 0.9410828025477707 0.2818471337579618 0.8646496815286624 0.3089171974522293 0.8105095541401274 0.3328025477707006
0 0.6449044585987261 0.29936305732484075 0.643312101910828 0.3343949044585987 0.6560509554140127 0.3503184713375796 0.6847133757961783 0.34394904458598724 0.7245222929936306 0.3105095541401274 0.7452229299363057 0.2818471337579618 0.7356687898089171 0.24920382165605096 0.7468152866242038 0.2197452229299363 0.7468152866242038 0.17197452229299362 0.6863057324840764 0.2340764331210191 0.6496815286624203 0.28343949044585987
0 0.6815286624203821 0.5414012738853503 0.6847133757961783 0.5684713375796179 0.6719745222929936 0.6050955414012739 0.6449044585987261 0.6257961783439491 0.6512738853503185 0.6369426751592356 0.714968152866242 0.6942675159235668 0.8200636942675159 0.7372611464968153 0.8694267515923567 0.7643312101910829 0.8789808917197452 0.7117834394904459 0.7707006369426752 0.6671974522292994 0.7213375796178344 0.6162420382165605 0.7070063694267515 0.5780254777070064
0 0.8280254777070064 0.10509554140127389 0.8280254777070064 0.11146496815286625 0.8710191082802548 0.13853503184713375 0.8821656050955414 0.16878980891719744 0.8789808917197452 0.1910828025477707 0.9315286624203821 0.19745222929936307 0.9984076433121019 0.19585987261146498 0.9984076433121019 0.06847133757961783 0.8869426751592356 0.08280254777070063
0 0.8535031847133758 0.0031847133757961785 0.8439490445859873 0.022292993630573247 0.8455414012738853 0.050955414012738856 0.8598726114649682 0.07802547770700637 0.8726114649681529 0.08439490445859872 0.9235668789808917 0.07484076433121019 0.945859872611465 0.06210191082802548 0.964968152866242 0.03821656050955414 0.9745222929936306 0
0 0.8821656050955414 0.9060509554140127 0.8805732484076433 0.910828025477707 0.9028662420382165 0.9299363057324841 0.910828025477707 0.947452229299363 0.9984076433121019 0.9952229299363057 0.9984076433121019 0.8964968152866242 0.945859872611465 0.893312101910828