1 0.2862595419847328 0.48282442748091603 0.2881679389312977 0.5400763358778626 0.31679389312977096 0.5877862595419847 0.3549618320610687 0.6240458015267175 0.40076335877862596 0.6526717557251909 0.5038167938931297 0.6908396946564885 0.6469465648854962 0.7156488549618321 0.6870229007633588 0.6641221374045801 0.7099236641221374 0.6125954198473282 0.7156488549618321 0.5858778625954199 0.7041984732824428 0.5438931297709924 0.6583969465648855 0.47900763358778625 0.5935114503816794 0.4255725190839695 0.566793893129771 0.39122137404580154 0.5248091603053435 0.366412213740458 0.4847328244274809 0.3301526717557252 0.4446564885496183 0.31297709923664124 0.41030534351145037 0.3148854961832061 0.35877862595419846 0.3511450381679389 0.30343511450381677 0.42938931297709926
1 0.019083969465648856 0.26717557251908397 0.007633587786259542 0.2786259541984733 0.015267175572519083 0.3377862595419847 0.04580152671755725 0.37595419847328243 0.0916030534351145 0.40076335877862596 0.13358778625954199 0.3568702290076336 0.15648854961832062 0.3969465648854962 0.14694656488549618 0.41603053435114506 0.15267175572519084 0.42366412213740456 0.2366412213740458 0.4312977099236641 0.2786259541984733 0.2786259541984733 0.2767175572519084 0.25763358778625955 0.2538167938931298 0.21183206106870228 0.26145038167938933 0.19083969465648856 0.16412213740458015 0.20229007633587787 0.08015267175572519 0.22519083969465647
1 0.3416030534351145 0.10305343511450382 0.37213740458015265 0.13931297709923665 0.3816793893129771 0.13740458015267176 0.46564885496183206 0.21755725190839695 0.5076335877862596 0.2480916030534351 0.5687022900763359 0.2366412213740458 0.5992366412213741 0.2385496183206107 0.7251908396946565 0.2748091603053435 0.7385496183206107 0.2748091603053435 0.7633587786259542 0.25 0.7652671755725191 0.23282442748091603 0.7404580152671756 0.19083969465648856 0.7404580152671756 0.15648854961832062 0.7232824427480916 0.14885496183206107 0.6679389312977099 0.09541984732824428 0.4618320610687023 0.08396946564885496
1 0.5992366412213741 0.24427480916030533 0.583969465648855 0.24427480916030533 0.583969465648855 0.25 0.6087786259541985 0.2633587786259542 0.666030534351145 0.3148854961832061 0.6812977099236641 0.3530534351145038 0.7557251908396947 0.4618320610687023 0.8034351145038168 0.48854961832061067 0.8797709923664122 0.5152671755725191 0.9408396946564885 0.5267175572519084 0.9885496183206107 0.5229007633587787 0.9904580152671756 0.4847328244274809 0.9427480916030534 0.3816793893129771 0.9198473282442748 0.3549618320610687 0.8091603053435115 0.31679389312977096 0.7614503816793893 0.2881679389312977
1 0.6087786259541985 0.36450381679389315 0.6068702290076335 0.3797709923664122 0.6221374045801527 0.4312977099236641 0.6679389312977099 0.48091603053435117 0.8740458015267175 0.6335877862595419 0.9179389312977099 0.6603053435114504 0.9980916030534351 0.6927480916030534 0.9980916030534351 0.6316793893129771 0.8835877862595419 0.5209923664122137 0.8129770992366412 0.4961832061068702 0.75 0.4599236641221374 0.6946564885496184 0.3702290076335878 0.6774809160305344 0.3549618320610687 0.6335877862595419 0.3511450381679389
1 0.019083969465648856 0.49236641221374045 0 0.5229007633587787 0 0.6564885496183206 0.05343511450381679 0.6469465648854962 0.08778625954198473 0.6335877862595419 0.09732824427480916 0.6221374045801527 0.10114503816793893 0.5458015267175572 0.1183206106870229 0.4732824427480916 0.16030534351145037 0.3816793893129771 0.17938931297709923 0.35877862595419846 0.20229007633587787 0.3511450381679389 0.20610687022900764 0.33969465648854963 0.18129770992366412 0.33587786259541985 0.1431297709923664 0.34923664122137404
0 0.15839694656488548 0.6431297709923665 0.07633587786259542 0.7290076335877863 0.04007633587786259 0.7881679389312977 0 0.7881679389312977 0 0.7958015267175572 0.02480916030534351 0.8053435114503816 0.07442748091603053 0.8034351145038168 0.1450381679389313 0.7729007633587787 0.1965648854961832 0.7347328244274809 0.22709923664122136 0.7022900763358778 0.25763358778625955 0.6450381679389313 0.2729007633587786 0.6068702290076335 0.27099236641221375 0.583969465648855 0.23473282442748092 0.5896946564885496
0 0.10114503816793893 0.5648854961832062 0.1049618320610687 0.6145038167938931 0.20038167938931298 0.5629770992366412 0.24045801526717558 0.5362595419847328 0.2480916030534351 0.5229007633587787 0.22709923664122136 0.4904580152671756 0.21183206106870228 0.4904580152671756 0.11068702290076336 0.5267175572519084
0 0.6583969465648855 0.7099236641221374 0.6583969465648855 0.7175572519083969 0.7309160305343512 0.7194656488549618 0.7767175572519084 0.7156488549618321 0.8206106870229007 0.6984732824427481 0.8587786259541985 0.6946564885496184 0.7862595419847328 0.648854961832061 0.7137404580152672 0.6145038167938931
0 0.7194656488549618 0.6049618320610687 0.7290076335877863 0.6221374045801527 0.8358778625954199 0.6755725190839694 0.916030534351145 0.6603053435114504 0.8721374045801527 0.6354961832061069
0 0.2729007633587786 0.1450381679389313 0.2729007633587786 0.183206106870229 0.30725190839694655 0.21183206106870228 0.3377862595419847 0.22137404580152673 0.3549618320610687 0.20801526717557253 0.37786259541984735 0.2099236641221374 0.3797709923664122 0.15076335877862596 0.3473282442748092 0.11641221374045801 0.3187022900763359 0.11068702290076336 0.28435114503816794 0.1297709923664122
1 0.29770992366412213 0.04770992366412214 0.30343511450381677 0.0916030534351145 0.2919847328244275 0.1049618320610687 0.37213740458015265 0.09541984732824428 0.3893129770992366 0.08778625954198473 0.4637404580152672 0.019083969465648856 0.4713740458015267 0.0019083969465648854 0.33587786259541985 0 0.3110687022900763 0.022900763358778626