1 0.18129770992366412 0.35877862595419846 0.19083969465648856 0.41603053435114506 0.1717557251908397 0.5152671755725191 0.18702290076335878 0.549618320610687 0.21755725190839695 0.5877862595419847 0.2958015267175573 0.6507633587786259 0.3377862595419847 0.6736641221374046 0.37404580152671757 0.6793893129770993 0.3931297709923664 0.6908396946564885 0.47900763358778625 0.7022900763358778 0.5152671755725191 0.6927480916030534 0.5114503816793893 0.6526717557251909 0.48282442748091603 0.5935114503816794 0.41666603053435114 0.5120858778625955 0.34923664122137404 0.4599236641221374 0.22519083969465647 0.40458015267175573 0.19274809160305342 0.36259541984732824 0.1851145038167939 0.3549618320610687
1 0.4961832061068702 0.5782442748091603 0.4961832061068702 0.6106870229007634 0.5286259541984732 0.6812977099236641 0.5648854961832062 0.6927480916030534 0.6221374045801527 0.6908396946564885 0.6774809160305344 0.6736641221374046 0.7633587786259542 0.6221374045801527 0.7881679389312977 0.5763358778625954 0.7843511450381679 0.5038167938931297 0.7900763358778626 0.4713740458015267 0.7824427480916031 0.4484732824427481 0.7862595419847328 0.4122137404580153 0.7690839694656488 0.37595419847328243 0.7729007633587787 0.33396946564885494 0.7633587786259542 0.33396946564885494 0.7633587786259542 0.3435114503816794 0.7519083969465649 0.34923664122137404 0.7366412213740458 0.3797709923664122 0.6145038167938931 0.4312977099236641 0.5572519083969466 0.4732824427480916 0.5095419847328244 0.5362595419847328
1 0.42748091603053434 0.44083969465648853 0.4255725190839695 0.5038167938931297 0.45229007633587787 0.549618320610687 0.4904580152671756 0.5935114503816794 0.5038167938931297 0.5438931297709924 0.566793893129771 0.4580152671755725 0.5 0.41030534351145037 0.4618320610687023 0.3931297709923664
1 0.007633587786259542 0.6870229007633588 0 0.6889312977099237 0 0.7538167938931297 0.08778625954198473 0.7729007633587787 0.16030534351145037 0.7748091603053435 0.1965648854961832 0.767175572519084 0.20801526717557253 0.7767175572519084 0.24427480916030533 0.7786259541984732 0.40076335877862596 0.7633587786259542 0.46564885496183206 0.7442748091603053 0.4904580152671756 0.7251908396946565 0.4770992366412214 0.7156488549618321 0.24045801526717558 0.6812977099236641
1 0.11450381679389313 0.6049618320610687 0.11641221374045801 0.6240458015267175 0.16793893129770993 0.6774809160305344 0.38549618320610685 0.6946564885496184 0.38549618320610685 0.6889312977099237 0.34541984732824427 0.6793893129770993 0.30725190839694655 0.6603053435114504 0.21564885496183206 0.5973282442748091 0.15839694656488548 0.5896946564885496
1 0.3530534351145038 0.8282442748091603 0.3473282442748092 0.8664122137404581 0.35877862595419846 0.8797709923664122 0.4580152671755725 0.9141221374045801 0.5744274809160306 0.8549618320610687 0.5190839694656488 0.7824427480916031 0.517175572519084 0.7538167938931297 0.5267175572519084 0.7290076335877863 0.5133587786259542 0.7251908396946565 0.39122137404580154 0.7900763358778626
1 0.5209923664122137 0.7576335877862596 0.5209923664122137 0.7805343511450382 0.5362595419847328 0.8110687022900763 0.5725190839694656 0.8435114503816794 0.6030534351145038 0.8492366412213741 0.6450381679389313 0.8377862595419847 0.6603053435114504 0.8549618320610687 0.6526717557251909 0.8702290076335878 0.6812977099236641 0.8816793893129771 0.7366412213740458 0.8835877862595419 0.7614503816793893 0.8683206106870229 0.7633587786259542 0.8473282442748091 0.7290076335877863 0.8187022900763359 0.7270992366412213 0.8091603053435115 0.7099236641221374 0.8129770992366412 0.6851145038167938 0.8053435114503816 0.5553435114503816 0.75 0.5438931297709924 0.7366412213740458 0.5286259541984732 0.7366412213740458
1 0.5629770992366412 0.7156488549618321 0.5706106870229007 0.7270992366412213 0.6145038167938931 0.7309160305343512 0.6240458015267175 0.7251908396946565 0.666030534351145 0.7385496183206107 0.7461832061068703 0.7309160305343512 0.8797709923664122 0.6927480916030534 0.9141221374045801 0.6736641221374046 0.9179389312977099 0.6603053435114504 0.8606870229007634 0.6297709923664122 0.8416030534351145 0.6316793893129771 0.7099236641221374 0.6641221374045801
1 0.5591603053435115 0.7232824427480916 0.5610687022900763 0.7366412213740458 0.5877862595419847 0.7557251908396947 0.7347328244274809 0.8072519083969466 0.9007633587786259 0.8244274809160306 0.9980916030534351 0.816793893129771 0.9980916030534351 0.75 0.767175572519084 0.7290076335877863 0.6889312977099237 0.7366412213740458 0.6641221374045801 0.7232824427480916
1 0.3606870229007634 0.9732824427480916 0.35877862595419846 0.982824427480916 0.37404580152671757 0.9904580152671756 0.4217557251908397 0.9885496183206107 0.5400763358778626 0.9522900763358778 0.6431297709923665 0.8854961832061069 0.6641221374045801 0.8358778625954199 0.549618320610687 0.8702290076335878 0.48091603053435117 0.9026717557251909 0.45610687022900764 0.9255725190839694 0.37595419847328243 0.9580152671755725
1 0.4217557251908397 0.9942748091603053 0.5591603053435115 0.9942748091603053 0.6087786259541985 0.9637404580152672 0.6087786259541985 0.9561068702290076 0.6507633587786259 0.9274809160305344 0.6545801526717557 0.9179389312977099
1 0.07251908396946564 0.8396946564885496 0.0648854961832061 0.9103053435114504 0.06870229007633588 0.9255725190839694 0.08778625954198473 0.9446564885496184 0.16030534351145037 0.9980916030534351 0.2633587786259542 0.9942748091603053 0.1946564885496183 0.9141221374045801
1 0.0019083969465648854 0.7576335877862596 0 0.8282442748091603 0.05534351145038168 0.8721374045801527 0.06297709923664122 0.8740458015267175 0.08396946564885496 0.8435114503816794 0.20229007633587787 0.9122137404580153 0.21564885496183206 0.9293893129770993 0.23282442748091603 0.9351145038167938 0.30343511450381677 0.9293893129770993 0.30916030534351147 0.9179389312977099 0.2652671755725191 0.8416030534351145 0.21755725190839695 0.7843511450381679 0.19274809160305342 0.7748091603053435 0.07824427480916031 0.7748091603053435
0 0.2366412213740458 0.31679389312977096 0.2366412213740458 0.34923664122137404 0.25763358778625955 0.40076335877862596 0.2958015267175573 0.4312977099236641 0.34923664122137404 0.45610687022900764 0.4179389312977099 0.5019083969465649 0.42366412213740456 0.44656488549618323 0.45038167938931295 0.4064885496183206 0.45229007633587787 0.3893129770992366 0.3988549618320611 0.3435114503816794 0.3416030534351145 0.31679389312977096 0.2652671755725191 0.30343511450381677 0.24236641221374045 0.3053435114503817
0 0.5801526717557252 0.3969465648854962 0.5763358778625954 0.44083969465648853 0.5877862595419847 0.4446564885496183 0.6603053435114504 0.40458015267175573 0.7270992366412213 0.3816793893129771 0.7538167938931297 0.3416030534351145 0.7729007633587787 0.3530534351145038 0.7748091603053435 0.37595419847328243 0.7938931297709924 0.4198473282442748 0.8110687022900763 0.41603053435114506 0.851145038167939 0.3797709923664122 0.8854961832061069 0.32633587786259544 0.8931297709923665 0.2652671755725191 0.8721374045801527 0.21374045801526717 0.8702290076335878 0.18893129770992367 0.8625954198473282 0.18893129770992367 0.851145038167939 0.21374045801526717 0.75 0.24236641221374045 0.7022900763358778 0.26717557251908397 0.5992366412213741 0.366412213740458
0 0.5038167938931297 0.35877862595419846 0.5114503816793893 0.41412213740458015 0.5706106870229007 0.45229007633587787 0.5706106870229007 0.4064885496183206 0.5916030534351145 0.3702290076335878 0.5858778625954199 0.3511450381679389 0.5610687022900763 0.33587786259541985 0.5286259541984732 0.3301526717557252
0 0.7919847328244275 0.5400763358778626 0.7919847328244275 0.5801526717557252 0.7729007633587787 0.6221374045801527 0.8435114503816794 0.6183206106870229 0.9083969465648855 0.6030534351145038 0.9465648854961832 0.5896946564885496 0.9980916030534351 0.5591603053435115 0.9980916030534351 0.5267175572519084
0 0.7938931297709924 0.4637404580152672 0.7900763358778626 0.5152671755725191 0.799618320610687 0.5343511450381679 0.8606870229007634 0.5305343511450382 0.8931297709923665 0.5057251908396947 0.8969465648854962 0.4904580152671756 0.8530534351145038 0.4866412213740458 0.8320610687022901 0.4580152671755725