1 0.003816793893129771 0.4904580152671756 0.011450381679389313 0.5267175572519084 0.05725190839694656 0.5267175572519084 0.14885496183206107 0.5057251908396947 0.24045801526717558 0.4637404580152672 0.3187022900763359 0.34923664122137404 0.3320610687022901 0.31679389312977096 0.3511450381679389 0.29389312977099236 0.4122137404580153 0.2538167938931298 0.41412213740458015 0.24236641221374045 0.366412213740458 0.2480916030534351 0.22709923664122136 0.2919847328244275 0.17557251908396945 0.32061068702290074 0.07251908396946564 0.35877862595419846
1 0.003816793893129771 0.6278625954198473 0 0.6927480916030534 0.08206106870229007 0.6583969465648855 0.12595419847328243 0.6316793893129771 0.31679389312977096 0.49236641221374045 0.35877862595419846 0.45229007633587787 0.3797709923664122 0.4198473282442748 0.3893129770992366 0.36259541984732824 0.3568702290076336 0.3511450381679389 0.3187022900763359 0.3549618320610687 0.25763358778625955 0.4484732824427481 0.22519083969465647 0.4751908396946565 0.11450381679389313 0.5209923664122137
1 0.2538167938931298 0.16412213740458015 0.25572519083969464 0.20038167938931298 0.23282442748091603 0.23282442748091603 0.23282442748091603 0.24427480916030533 0.2595419847328244 0.2748091603053435 0.4198473282442748 0.23473282442748092 0.4904580152671756 0.2480916030534351 0.6278625954198473 0.13931297709923665 0.6526717557251909 0.1049618320610687 0.6030534351145038 0.08969465648854962 0.5610687022900763 0.0916030534351145 0.5362595419847328 0.08396946564885496 0.33969465648854963 0.0916030534351145
1 0.5286259541984732 0 0.5286259541984732 0.013358778625954198 0.6125954198473282 0.08969465648854962 0.6393129770992366 0.09923664122137404 0.6984732824427481 0.10114503816793893 0.6984732824427481 0.04198473282442748 0.6622137404580153 0
1 0.28435114503816794 0.5782442748091603 0.2862595419847328 0.6068702290076335 0.3110687022900763 0.6641221374045801 0.3473282442748092 0.7156488549618321 0.4599236641221374 0.700381679389313 0.5973282442748091 0.6526717557251909 0.6469465648854962 0.6202290076335878 0.6851145038167938 0.583969465648855 0.7041984732824428 0.5534351145038168 0.7137404580152672 0.5229007633587787 0.7137404580152672 0.4866412213740458 0.6927480916030534 0.42366412213740456 0.6393129770992366 0.34923664122137404 0.583969465648855 0.3110687022900763 0.5515267175572519 0.31297709923664124 0.49809160305343514 0.3377862595419847 0.4770992366412214 0.36259541984732824 0.4312977099236641 0.39122137404580154 0.3988549618320611 0.42938931297709926 0.3530534351145038 0.4637404580152672 0.30343511450381677 0.5267175572519084
1 0.7423664122137404 0.20229007633587787 0.7385496183206107 0.22900763358778625 0.7194656488549618 0.26145038167938933 0.7194656488549618 0.2786259541984733 0.7633587786259542 0.4351145038167939 0.8530534351145038 0.4217557251908397 0.8282442748091603 0.37595419847328243 0.8091603053435115 0.35877862595419846 0.8263358778625954 0.33587786259541985 0.8492366412213741 0.3416030534351145 0.9045801526717557 0.40076335877862596 0.9484732824427481 0.3797709923664122 0.9809160305343512 0.3435114503816794 0.9904580152671756 0.2824427480916031 0.9408396946564885 0.2366412213740458 0.8129770992366412 0.1984732824427481 0.7480916030534351 0.1946564885496183
1 0.799618320610687 0.33587786259541985 0.799618320610687 0.3511450381679389 0.8206106870229007 0.36259541984732824 0.8473282442748091 0.3931297709923664 0.8797709923664122 0.4751908396946565 0.8969465648854962 0.5438931297709924 0.9007633587786259 0.6221374045801527 0.916030534351145 0.6374045801526718 0.9980916030534351 0.6564885496183206 0.9980916030534351 0.5209923664122137 0.8702290076335878 0.36450381679389315 0.8492366412213741 0.3473282442748092
0 0.09351145038167939 0.6526717557251909 0.08969465648854962 0.6622137404580153 0.12595419847328243 0.6698473282442748 0.13931297709923665 0.6984732824427481 0.18893129770992367 0.7022900763358778 0.2366412213740458 0.7175572519083969 0.33969465648854963 0.7156488549618321 0.30725190839694655 0.666030534351145 0.28053435114503816 0.6049618320610687 0.1297709923664122 0.6354961832061069
0 0.7290076335877863 0.583969465648855 0.7270992366412213 0.6106870229007634 0.7595419847328244 0.683206106870229 0.8015267175572519 0.7347328244274809 0.8549618320610687 0.7748091603053435 0.9026717557251909 0.7958015267175572 0.9312977099236641 0.8053435114503816 0.9790076335877863 0.8034351145038168 0.9561068702290076 0.7881679389312977 0.9465648854961832 0.7633587786259542 0.9141221374045801 0.7194656488549618 0.8396946564885496 0.6431297709923665 0.7576335877862596 0.5858778625954199
0 0.7519083969465649 0.517175572519084 0.7538167938931297 0.5324427480916031 0.7881679389312977 0.5572519083969466 0.8950381679389313 0.6125954198473282 0.898854961832061 0.5877862595419847 0.8874045801526718 0.5286259541984732 0.7843511450381679 0.4904580152671756 0.7729007633587787 0.4904580152671756
0 0.5801526717557252 0.17748091603053434 0.5820610687022901 0.18702290076335878 0.6164122137404581 0.21946564885496184 0.648854961832061 0.21183206106870228 0.6622137404580153 0.22328244274809161 0.7232824427480916 0.18893129770992367 0.7270992366412213 0.16030534351145037 0.7137404580152672 0.1316793893129771 0.6889312977099237 0.11450381679389313 0.666030534351145 0.11068702290076336 0.6507633587786259 0.11641221374045801 0.6125954198473282 0.15648854961832062
0 0.21183206106870228 0 0.12022900763358779 0.0019083969465648854 0.16793893129770993 0.04580152671755725 0.2767175572519084 0.12404580152671756 0.2900763358778626 0.12595419847328243 0.3301526717557252 0.08778625954198473
1 0.44656488549618323 0.07633587786259542 0.44656488549618323 0.08396946564885496 0.6030534351145038 0.08587786259541985 0.5286259541984732 0.01717557251908397 0.4770992366412214 0.04198473282442748