1 0.3435114503816794 0.2538167938931298 0.3416030534351145 0.33396946564885494 0.37595419847328243 0.41603053435114506 0.3606870229007634 0.45038167938931295 0.4179389312977099 0.3702290076335878 0.4255725190839695 0.34923664122137404 0.4312977099236641 0.2385496183206107 0.4255725190839695 0.15458015267175573 0.46564885496183206 0.15076335877862596 0.46564885496183206 0.12786259541984732 0.4541984732824427 0.11068702290076336 0.4389312977099237 0.11259541984732824 0.41603053435114506 0.10305343511450382 0.38740458015267176 0.12786259541984732 0.3683206106870229 0.15839694656488548
1 0.47900763358778625 0.46564885496183206 0.4618320610687023 0.5076335877862596 0.4484732824427481 0.5190839694656488 0.45229007633587787 0.5362595419847328 0.46946564885496184 0.5458015267175572 0.48091603053435117 0.5458015267175572 0.48282442748091603 0.5381679389312977
1 0.45610687022900764 0.18702290076335878 0.45229007633587787 0.2652671755725191 0.4446564885496183 0.2824427480916031 0.46564885496183206 0.37786259541984735 0.49427480916030536 0.4446564885496183 0.49427480916030536 0.5458015267175572 0.5133587786259542 0.49427480916030536 0.5038167938931297 0.43320610687022904 0.5248091603053435 0.3797709923664122 0.5324427480916031 0.2958015267175573 0.5038167938931297 0.1965648854961832 0.5038167938931297 0.16412213740458015 0.4732824427480916 0.16603053435114504
1 0.5572519083969466 0.13358778625954199 0.5534351145038168 0.20419847328244276 0.583969465648855 0.32633587786259544 0.636131679389313 0.512723282442748 0.6106870229007634 0.816793893129771 0.6259541984732825 0.851145038167939 0.6812977099236641 0.8816793893129771 0.7118320610687023 0.8568702290076335 0.7156488549618321 0.7977099236641222 0.700381679389313 0.732824427480916 0.6774809160305344 0.5209923664122137 0.6603053435114504 0.45610687022900764 0.6583969465648855 0.3931297709923664 0.6774809160305344 0.2919847328244275 0.6774809160305344 0.23282442748091603 0.6622137404580153 0.1851145038167939 0.6240458015267175 0.13549618320610687 0.5916030534351145 0.10877862595419847
1 0.07824427480916031 0.7652671755725191 0.07633587786259542 0.7958015267175572 0.08396946564885496 0.816793893129771 0.12786259541984732 0.7442748091603053 0.16221374045801526 0.7080152671755725 0.18893129770992367 0.6526717557251909 0.22519083969465647 0.6278625954198473 0.25763358778625955 0.5877862595419847 0.32061068702290074 0.5477099236641222 0.37786259541984735 0.549618320610687 0.3969465648854962 0.5419847328244275 0.42938931297709926 0.5534351145038168 0.44083969465648853 0.5782442748091603 0.4312977099236641 0.5400763358778626 0.4217557251908397 0.5267175572519084 0.383587786259542 0.5038167938931297 0.3282442748091603 0.49809160305343514 0.2538167938931298 0.5419847328244275 0.22900763358778625 0.5687022900763359 0.20419847328244276 0.6125954198473282 0.09541984732824428 0.7137404580152672
1 0.02480916030534351 0.9866412213740458 0.02480916030534351 0.9980916030534351 0.03244274809160305 0.9980916030534351 0.15458015267175573 0.9370229007633588 0.2385496183206107 0.8816793893129771 0.3110687022900763 0.8206106870229007 0.3606870229007634 0.666030534351145 0.3435114503816794 0.6564885496183206 0.2786259541984733 0.6603053435114504 0.1946564885496183 0.7213740458015268 0.12213740458015267 0.7977099236641222 0.05534351145038168 0.9408396946564885
1 0.32633587786259544 0.7862595419847328 0.3244274809160305 0.8416030534351145 0.33969465648854963 0.9942748091603053 0.3473282442748092 0.9980916030534351 0.3530534351145038 0.9713740458015268 0.42748091603053434 0.8683206106870229 0.4637404580152672 0.7919847328244275 0.48091603053435117 0.7251908396946565 0.4904580152671756 0.6297709923664122 0.48282442748091603 0.6068702290076335 0.4675572519083969 0.6106870229007634 0.44656488549618323 0.5992366412213741 0.41603053435114506 0.5973282442748091 0.3893129770992366 0.6221374045801527 0.36259541984732824 0.6717557251908397
1 0.6946564885496184 0.5973282442748091 0.6908396946564885 0.6278625954198473 0.7061068702290076 0.732824427480916 0.7347328244274809 0.7404580152671756 0.8072519083969466 0.7385496183206107 0.8931297709923665 0.6755725190839694 0.8129770992366412 0.6164122137404581 0.7805343511450382 0.601145038167939 0.7347328244274809 0.5896946564885496
1 0.5458015267175572 0.5 0.5438931297709924 0.517175572519084 0.5744274809160306 0.47900763358778625 0.6240458015267175 0.45229007633587787 0.6183206106870229 0.4351145038167939 0.5801526717557252 0.4446564885496183 0.5553435114503816 0.4732824427480916
1 0.666030534351145 0.44274809160305345 0.6698473282442748 0.4637404580152672 0.6927480916030534 0.4751908396946565 0.7213740458015268 0.4732824427480916 0.7595419847328244 0.5076335877862596 0.7919847328244275 0.5629770992366412 0.7862595419847328 0.5877862595419847 0.8015267175572519 0.5305343511450382 0.7805343511450382 0.4904580152671756 0.7442748091603053 0.4637404580152672
1 0.5 0.549618320610687 0.5019083969465649 0.6145038167938931 0.5133587786259542 0.6412213740458015 0.5725190839694656 0.5706106870229007 0.5992366412213741 0.5572519083969466 0.5973282442748091 0.5515267175572519 0.5458015267175572 0.5419847328244275 0.5095419847328244 0.5419847328244275
1 0.4599236641221374 0.8702290076335878 0.4580152671755725 0.9236641221374046 0.4675572519083969 0.9980916030534351 0.583969465648855 0.9980916030534351 0.5801526717557252 0.933206106870229 0.5438931297709924 0.8625954198473282 0.5095419847328244 0.8358778625954199 0.4732824427480916 0.833969465648855
1 0.566793893129771 0.8568702290076335 0.5572519083969466 0.8740458015267175 0.5992366412213741 0.8874045801526718 0.7557251908396947 0.9942748091603053 0.8530534351145038 0.9961832061068703 0.8015267175572519 0.9312977099236641 0.7175572519083969 0.8625954198473282 0.6717557251908397 0.8835877862595419 0.6145038167938931 0.8416030534351145