1 0.2633587786259542 0.5896946564885496 0.2595419847328244 0.6240458015267175 0.2729007633587786 0.666030534351145 0.29770992366412213 0.7099236641221374 0.29770992366412213 0.7480916030534351 0.30343511450381677 0.7519083969465649 0.3244274809160305 0.7099236641221374 0.3931297709923664 0.6717557251908397 0.4580152671755725 0.6145038167938931 0.49809160305343514 0.5305343511450382 0.5038167938931297 0.5057251908396947 0.49809160305343514 0.45038167938931295 0.4751908396946565 0.44274809160305345 0.44656488549618323 0.4446564885496183 0.3530534351145038 0.47900763358778625 0.29389312977099236 0.5343511450381679
1 0.5095419847328244 0.45229007633587787 0.5133587786259542 0.5229007633587787 0.5381679389312977 0.5591603053435115 0.5725190839694656 0.5916030534351145 0.6469465648854962 0.6412213740458015 0.8015267175572519 0.6908396946564885 0.8187022900763359 0.7137404580152672 0.8549618320610687 0.7404580152671756 0.8225190839694656 0.6889312977099237 0.8263358778625954 0.6641221374045801 0.8072519083969466 0.6087786259541985 0.7652671755725191 0.5248091603053435 0.7366412213740458 0.4961832061068702 0.6851145038167938 0.46946564885496184 0.5973282442748091 0.4446564885496183 0.549618320610687 0.44083969465648853
1 0.48854961832061067 0.5610687022900763 0.48854961832061067 0.6221374045801527 0.5133587786259542 0.6641221374045801 0.5553435114503816 0.7041984732824428 0.6049618320610687 0.6622137404580153 0.6221374045801527 0.6297709923664122 0.5610687022900763 0.583969465648855 0.5076335877862596 0.517175572519084
1 0.030534351145038167 0.4675572519083969 0.015267175572519083 0.49236641221374045 0.2881679389312977 0.47900763358778625 0.45610687022900764 0.43320610687022904 0.46946564885496184 0.4179389312977099 0.39122137404580154 0.40076335877862596 0.24236641221374045 0.3988549618320611 0.09923664122137404 0.42748091603053434
1 0.1736641221374046 0.5286259541984732 0.17557251908396945 0.5458015267175572 0.1965648854961832 0.5534351145038168 0.2595419847328244 0.5458015267175572 0.2919847328244275 0.5324427480916031 0.3416030534351145 0.48282442748091603 0.42748091603053434 0.4446564885496183 0.3053435114503817 0.47900763358778625 0.20610687022900764 0.48854961832061067
1 0.2595419847328244 0.2633587786259542 0.25572519083969464 0.28053435114503816 0.2633587786259542 0.2958015267175573 0.3148854961832061 0.3473282442748092 0.3797709923664122 0.383587786259542 0.4732824427480916 0.4198473282442748 0.4847328244274809 0.41603053435114506 0.4732824427480916 0.366412213740458 0.48854961832061067 0.31297709923664124 0.44274809160305345 0.27099236641221375 0.43702290076335876 0.25763358778625955 0.3015267175572519 0.21374045801526717
1 0.47900763358778625 0.35877862595419846 0.47900763358778625 0.3931297709923664 0.49427480916030536 0.4064885496183206 0.517175572519084 0.3969465648854962 0.6374045801526718 0.3320610687022901 0.6603053435114504 0.29961832061068705 0.6603053435114504 0.2786259541984733 0.6316793893129771 0.25572519083969464 0.5725190839694656 0.26717557251908397 0.5076335877862596 0.3053435114503817 0.48854961832061067 0.3301526717557252
1 0.5209923664122137 0.3988549618320611 0.517175572519084 0.41412213740458015 0.5229007633587787 0.4198473282442748 0.5954198473282443 0.3988549618320611 0.6870229007633588 0.40076335877862596 0.8625954198473282 0.366412213740458 0.916030534351145 0.3473282442748092 0.9389312977099237 0.3244274809160305 0.799618320610687 0.31297709923664124 0.6984732824427481 0.32251908396946566 0.6183206106870229 0.34541984732824427
1 0.5305343511450382 0.41603053435114506 0.5286259541984732 0.4255725190839695 0.5629770992366412 0.4351145038167939 0.7729007633587787 0.4732824427480916 0.7938931297709924 0.4713740458015267 0.8244274809160306 0.44656488549618323 0.816793893129771 0.43320610687022904 0.7748091603053435 0.4179389312977099 0.7022900763358778 0.40458015267175573 0.5973282442748091 0.40076335877862596
0 0.0019083969465648854 0.36259541984732824 0 0.41030534351145037 0.02480916030534351 0.4599236641221374 0.10877862595419847 0.4217557251908397 0.18893129770992367 0.40458015267175573 0.20229007633587787 0.3931297709923664 0.22709923664122136 0.33969465648854963 0.23473282442748092 0.2652671755725191 0.20419847328244276 0.25572519083969464 0.16984732824427481 0.2595419847328244 0.12595419847328243 0.3053435114503817 0.08015267175572519 0.3377862595419847 0.04961832061068702 0.3435114503816794 0.04198473282442748 0.32633587786259544
0 0.03625954198473282 0.2767175572519084 0.03625954198473282 0.30343511450381677 0.05534351145038168 0.3549618320610687 0.15267175572519084 0.2748091603053435 0.17938931297709923 0.21564885496183206 0.15648854961832062 0.21183206106870228 0.09351145038167939 0.22900763358778625 0.06679389312977099 0.24427480916030533
0 0.28435114503816794 0.19274809160305342 0.2786259541984733 0.1946564885496183 0.33587786259541985 0.21374045801526717 0.5190839694656488 0.25 0.48091603053435117 0.21946564885496184 0.41603053435114506 0.1984732824427481 0.3530534351145038 0.19083969465648856
0 0.24427480916030533 0.17938931297709923 0.24045801526717558 0.1965648854961832 0.3053435114503817 0.18129770992366412 0.33969465648854963 0.17938931297709923 0.3931297709923664 0.1946564885496183 0.41030534351145037 0.1851145038167939 0.40458015267175573 0.17748091603053434 0.32633587786259544 0.16603053435114504 0.26145038167938933 0.16793893129770993
0 0.007633587786259542 0.23473282442748092 0 0.2480916030534351 0.07824427480916031 0.22519083969465647 0.16412213740458015 0.21183206106870228 0.16603053435114504 0.20610687022900764 0.14122137404580154 0.19083969465648856 0.07061068702290077 0.1946564885496183 0.05152671755725191 0.20038167938931298
0 0.3187022900763359 0.7461832061068703 0.3187022900763359 0.7900763358778626 0.33396946564885494 0.8129770992366412 0.4198473282442748 0.7862595419847328 0.46564885496183206 0.7557251908396947 0.5038167938931297 0.6946564885496184 0.5 0.6469465648854962 0.48282442748091603 0.6125954198473282 0.4618320610687023 0.6125954198473282 0.41412213740458015 0.6603053435114504 0.3282442748091603 0.7118320610687023
0 0.1984732824427481 0.6717557251908397 0.1946564885496183 0.7480916030534351 0.22709923664122136 0.7270992366412213 0.2881679389312977 0.7061068702290076 0.26908396946564883 0.666030534351145 0.2538167938931298 0.6049618320610687 0.22328244274809161 0.6259541984732825
0 0.6125954198473282 0.6603053435114504 0.6125954198473282 0.6927480916030534 0.6278625954198473 0.6870229007633588 0.6444026717557252 0.7035629770992365 0.648854961832061 0.7251908396946565 0.6698473282442748 0.7404580152671756 0.7270992366412213 0.7614503816793893 0.75 0.7824427480916031 0.7938931297709924 0.8034351145038168 0.9045801526717557 0.8282442748091603 0.9370229007633588 0.8454198473282443 0.9351145038167938 0.7862595419847328 0.9274809160305344 0.7652671755725191 0.9083969465648855 0.7309160305343512 0.8492366412213741 0.6755725190839694 0.8301526717557252 0.6698473282442748 0.833969465648855 0.700381679389313 0.8110687022900763 0.7080152671755725 0.7958015267175572 0.6889312977099237 0.6946564885496184 0.6641221374045801 0.6297709923664122 0.6354961832061069
0 0.7423664122137404 0.48091603053435117 0.7290076335877863 0.4866412213740458 0.767175572519084 0.5209923664122137 0.7824427480916031 0.5515267175572519 0.9026717557251909 0.549618320610687 0.9637404580152672 0.5400763358778626 0.8625954198473282 0.49809160305343514 0.7958015267175572 0.48282442748091603
0 0.003816793893129771 0.5935114503816794 0 0.7843511450381679 0.04389312977099236 0.7690839694656488 0.08396946564885496 0.7729007633587787 0.05725190839694656 0.7480916030534351 0.0916030534351145 0.7080152671755725 0.10114503816793893 0.6564885496183206 0.0648854961832061 0.6183206106870229