1 0.2786259541984733 0.36259541984732824 0.2729007633587786 0.3969465648854962 0.2786259541984733 0.4122137404580153 0.3110687022900763 0.44656488549618323 0.3816793893129771 0.5 0.3988549618320611 0.5019083969465649 0.5515267175572519 0.4675572519083969 0.5648854961832062 0.45610687022900764 0.5515267175572519 0.41412213740458015 0.5152671755725191 0.3702290076335878 0.4751908396946565 0.33396946564885494 0.4179389312977099 0.3053435114503817 0.3568702290076336 0.2900763358778626 0.3377862595419847 0.2919847328244275 0.2919847328244275 0.33396946564885494
1 0.2919847328244275 0.03435114503816794 0.3244274809160305 0.1717557251908397 0.37213740458015265 0.2881679389312977 0.42938931297709926 0.30725190839694655 0.5248091603053435 0.37404580152671757 0.4961832061068702 0.25763358778625955 0.42938931297709926 0.1183206106870229 0.3816793893129771 0.0648854961832061 0.3511450381679389 0.04770992366412214
1 0.5687022900763359 0.10114503816793893 0.5706106870229007 0.42366412213740456 0.5744274809160306 0.45229007633587787 0.5801526717557252 0.45229007633587787 0.6183206106870229 0.37595419847328243 0.648854961832061 0.16984732824427481 0.6469465648854962 0.07633587786259542 0.6240458015267175 0 0.601145038167939 0 0.5954198473282443 0.007633587786259542
1 0.4179389312977099 0.8797709923664122 0.41603053435114506 0.9675572519083969 0.4179389312977099 0.9942748091603053 0.4255725190839695 0.9980916030534351 0.4599236641221374 0.9770992366412213 0.5 0.9007633587786259 0.5381679389312977 0.7557251908396947 0.5534351145038168 0.6240458015267175 0.517175572519084 0.6278625954198473 0.4904580152671756 0.6679389312977099 0.43320610687022904 0.799618320610687
1 0.6030534351145038 0.5629770992366412 0.5706106870229007 0.5973282442748091 0.5725190839694656 0.6240458015267175 0.6106870229007634 0.7213740458015268 0.6221374045801527 0.7824427480916031 0.6507633587786259 0.7576335877862596 0.666030534351145 0.7767175572519084 0.6183206106870229 0.8759541984732825 0.6221374045801527 0.9847328244274809 0.6278625954198473 0.9980916030534351 0.683206106870229 0.9980916030534351 0.7061068702290076 0.9236641221374046 0.7061068702290076 0.8816793893129771 0.6927480916030534 0.8187022900763359 0.6908396946564885 0.7347328244274809 0.6698473282442748 0.648854961832061 0.6412213740458015 0.5820610687022901 0.6183206106870229 0.5515267175572519
1 0.5133587786259542 0.6030534351145038 0.5114503816793893 0.6202290076335878 0.517175572519084 0.6240458015267175 0.5515267175572519 0.6202290076335878 0.6164122137404581 0.5477099236641222 0.6259541984732825 0.5248091603053435 0.5992366412213741 0.5190839694656488 0.5706106870229007 0.5286259541984732 0.5324427480916031 0.5591603053435115
1 0.5209923664122137 0.8683206106870229 0.5057251908396947 0.8874045801526718 0.5438931297709924 0.9026717557251909 0.5820610687022901 0.8931297709923665 0.601145038167939 0.8797709923664122 0.6202290076335878 0.8625954198473282 0.6545801526717557 0.7938931297709924 0.6641221374045801 0.7881679389312977 0.6622137404580153 0.7595419847328244 0.6450381679389313 0.7652671755725191 0.5858778625954199 0.8263358778625954
1 0.6335877862595419 0.26717557251908397 0.6125954198473282 0.3797709923664122 0.6393129770992366 0.37786259541984735 0.6431297709923665 0.31297709923664124 0.6603053435114504 0.2900763358778626 0.7022900763358778 0.28053435114503816 0.7251908396946565 0.30725190839694655 0.7309160305343512 0.30343511450381677 0.7137404580152672 0.2748091603053435 0.683206106870229 0.25763358778625955 0.6431297709923665 0.25190839694656486
0 0.44083969465648853 0.0648854961832061 0.43320610687022904 0.12022900763358779 0.5 0.2633587786259542 0.5248091603053435 0.3511450381679389 0.5267175572519084 0.30343511450381677 0.49427480916030536 0.16603053435114504 0.4446564885496183 0.04961832061068702
0 0.3320610687022901 0.5 0.2748091603053435 0.5706106870229007 0.33969465648854963 0.6259541984732825 0.3683206106870229 0.6297709923664122 0.3988549618320611 0.6202290076335878 0.45038167938931295 0.5610687022900763 0.4618320610687023 0.5343511450381679 0.4618320610687023 0.5019083969465649 0.44083969465648853 0.49427480916030536 0.3950381679389313 0.5038167938931297 0.3549618320610687 0.4847328244274809
0 0.36259541984732824 0.700381679389313 0.3549618320610687 0.7290076335877863 0.3606870229007634 0.7461832061068703 0.3969465648854962 0.7385496183206107 0.4351145038167939 0.7118320610687023 0.4618320610687023 0.6793893129770993 0.4866412213740458 0.6297709923664122 0.5019083969465649 0.5610687022900763 0.4961832061068702 0.549618320610687 0.4770992366412214 0.549618320610687 0.43320610687022904 0.5801526717557252 0.4026717557251908 0.6221374045801527
0 0.5687022900763359 0.4898225190839694 0.6157767175572518 0.39949045801526717 0.6666660305343513 0.3435114503816794 0.7340973282442748 0.33333396946564886 0.7875324427480915 0.3473282442748092 0.7620858778625955 0.4147576335877863 0.7188301526717557 0.4860057251908397 0.6501278625954198 0.5139942748091604
0 0.5343511450381679 0.2989828244274809 0.5458015267175572 0.2073797709923664 0.5699751908396946 0.14122137404580154 0.5661583969465648 0.3078874045801527 0.5712461832061069 0.4071240458015267 0.5572519083969466 0.418574427480916 0.5305343511450382 0.3918568702290076
0 0.5572519083969466 0.6259541984732825 0.5343511450381679 0.7926202290076336 0.5089064885496183 0.8600515267175572 0.5203568702290076 0.8765896946564886 0.5343511450381679 0.9605591603053436 0.5648854961832062 0.9980916030534351 0.583969465648855 0.9974561068702291 0.6119599236641221 0.8867690839694656 0.5954198473282443 0.7608148854961831 0.5890591603053434 0.6666660305343513
0 0.7888034351145039 0.059795801526717554 0.7722652671755724 0.08905916030534351 0.6984732824427481 0.10687022900763359 0.6628492366412214 0.10305343511450382 0.6501278625954198 0.07760877862595421 0.6310438931297709 0 0.7748091603053435 0
0 0.6653950381679389 0.25063549618320613 0.6946564885496184 0.18575 0.7608148854961831 0.12722709923664122 0.7875324427480915 0.13486068702290077 0.7875324427480915 0.21628435114503816 0.7569980916030534 0.3027996183206107 0.7391851145038169 0.30916030534351147 0.7175572519083969 0.2786259541984733
0 0.7938931297709924 0.1183206106870229 0.8333339694656487 0.08142557251908397 0.8791354961832061 0.05216221374045801 0.9122137404580153 0.04834541984732824 0.9631049618320611 0.11068702290076336 0.916030534351145 0.17557251908396945 0.851145038167939 0.16284923664122136 0.7989828244274809 0.1297709923664122
0 0.8587786259541985 0.11641221374045801 0.851145038167939 0.12595419847328243 0.8664122137404581 0.24618320610687022 0.8645038167938931 0.3969465648854962 0.8950381679389313 0.5477099236641222 0.9103053435114504 0.5801526717557252 0.9236641221374046 0.5877862595419847 0.9541984732824428 0.5534351145038168 0.9713740458015268 0.5 0.9713740458015268 0.3549618320610687 0.9389312977099237 0.22519083969465647 0.8854961832061069 0.12595419847328243
0 0.7881679389312977 0.1736641221374046 0.7881679389312977 0.22328244274809161 0.8244274809160306 0.32633587786259544 0.8645038167938931 0.4026717557251908 0.8606870229007634 0.22328244274809161 0.8206106870229007 0.17748091603053434 0.7938931297709924 0.16412213740458015
0 0.7423664122137404 0.5209923664122137 0.7366412213740458 0.5286259541984732 0.7614503816793893 0.5916030534351145 0.7767175572519084 0.6164122137404581 0.8282442748091603 0.666030534351145 0.8683206106870229 0.6622137404580153 0.9561068702290076 0.6736641221374046 0.9465648854961832 0.6202290076335878 0.8740458015267175 0.5362595419847328 0.8244274809160306 0.5095419847328244 0.7767175572519084 0.5095419847328244
0 0.8358778625954199 0.6736641221374046 0.7843511450381679 0.7156488549618321 0.8034351145038168 0.7270992366412213 0.8435114503816794 0.7729007633587787 0.8664122137404581 0.7843511450381679 0.9045801526717557 0.7843511450381679 0.9255725190839694 0.7767175572519084 0.9847328244274809 0.7347328244274809 0.9980916030534351 0.7156488549618321 0.9980916030534351 0.6984732824427481 0.9274809160305344 0.6679389312977099 0.8702290076335878 0.6641221374045801
0 0.8206106870229007 0.7881679389312977 0.7862595419847328 0.8492366412213741 0.8263358778625954 0.8778625954198473 0.8721374045801527 0.8950381679389313 0.9045801526717557 0.8931297709923665 0.9293893129770993 0.8797709923664122 0.9561068702290076 0.8606870229007634 0.9980916030534351 0.8129770992366412 0.9961832061068703 0.7977099236641222 0.9484732824427481 0.767175572519084 0.9141221374045801 0.7843511450381679 0.8874045801526718 0.7881679389312977 0.8568702290076335 0.7824427480916031 0.8396946564885496 0.7709923664122137