1 0.3969465648854962 0.549618320610687 0.3950381679389313 0.5877862595419847 0.4179389312977099 0.6297709923664122 0.42938931297709926 0.6431297709923665 0.4713740458015267 0.6583969465648855 0.5629770992366412 0.6278625954198473 0.583969465648855 0.5992366412213741 0.583969465648855 0.566793893129771 0.5610687022900763 0.4599236641221374 0.549618320610687 0.4312977099236641 0.5209923664122137 0.4122137404580153 0.49427480916030536 0.41412213740458015 0.4675572519083969 0.42748091603053434
1 0.1946564885496183 0.4675572519083969 0.1965648854961832 0.5209923664122137 0.2919847328244275 0.5076335877862596 0.32633587786259544 0.48854961832061067 0.3416030534351145 0.45229007633587787 0.48282442748091603 0.383587786259542 0.48282442748091603 0.37595419847328243 0.41412213740458015 0.37404580152671757 0.3530534351145038 0.38740458015267176 0.3549618320610687 0.4026717557251908 0.3301526717557252 0.4198473282442748 0.30725190839694655 0.4064885496183206 0.29389312977099236 0.4083969465648855 0.20229007633587787 0.45229007633587787
1 0.03625954198473282 0.34541984732824427 0.03625954198473282 0.38549618320610685 0.07633587786259542 0.4179389312977099 0.1736641221374046 0.42366412213740456 0.21374045801526717 0.3988549618320611 0.21755725190839695 0.3530534351145038 0.2824427480916031 0.30725190839694655 0.35877862595419846 0.29389312977099236 0.45038167938931295 0.29389312977099236 0.4351145038167939 0.2767175572519084 0.4122137404580153 0.27099236641221375 0.22519083969465647 0.26717557251908397 0.17748091603053434 0.2862595419847328 0.07824427480916031 0.30916030534351147 0.04198473282442748 0.3320610687022901
1 0.37213740458015265 0.3301526717557252 0.3015267175572519 0.37213740458015265 0.30725190839694655 0.40076335877862596 0.32061068702290074 0.41412213740458015 0.34541984732824427 0.41412213740458015 0.3473282442748092 0.37404580152671757 0.36450381679389315 0.3568702290076336 0.37213740458015265 0.3606870229007634 0.37213740458015265 0.34923664122137404 0.4064885496183206 0.33396946564885494 0.4064885496183206 0.32633587786259544
1 0.6106870229007634 0.33396946564885494 0.6164122137404581 0.3511450381679389 0.666030534351145 0.36450381679389315 0.6755725190839694 0.37404580152671757 0.7232824427480916 0.4732824427480916 0.7519083969465649 0.4847328244274809 0.8435114503816794 0.49236641221374045 0.8664122137404581 0.49236641221374045 0.8912213740458015 0.48091603053435117 0.8874045801526718 0.44274809160305345 0.851145038167939 0.41030534351145037 0.8148854961832062 0.3950381679389313 0.7938931297709924 0.37595419847328243 0.666030534351145 0.33396946564885494
1 0.5095419847328244 0.33969465648854963 0.5114503816793893 0.3816793893129771 0.5343511450381679 0.4179389312977099 0.5763358778625954 0.4351145038167939 0.6049618320610687 0.4198473282442748 0.6087786259541985 0.40458015267175573 0.601145038167939 0.383587786259542 0.5820610687022901 0.36259541984732824 0.5324427480916031 0.3320610687022901
1 0.6030534351145038 0.4770992366412214 0.6068702290076335 0.5 0.6774809160305344 0.5706106870229007 0.7843511450381679 0.6354961832061069 0.8645038167938931 0.6583969465648855 0.8721374045801527 0.6164122137404581 0.8587786259541985 0.5877862595419847 0.8301526717557252 0.5572519083969466 0.6679389312977099 0.4866412213740458 0.6240458015267175 0.4751908396946565
1 0.23473282442748092 0.6736641221374046 0.23091603053435114 0.7099236641221374 0.2538167938931298 0.7709923664122137 0.3148854961832061 0.7480916030534351 0.3530534351145038 0.7232824427480916 0.4217557251908397 0.6469465648854962 0.3931297709923664 0.5877862595419847 0.3950381679389313 0.5438931297709924 0.3549618320610687 0.5591603053435115 0.2881679389312977 0.5992366412213741 0.2595419847328244 0.6240458015267175
1 0.5744274809160306 0.44274809160305345 0.566793893129771 0.47900763358778625 0.5725190839694656 0.4961832061068702 0.5877862595419847 0.5057251908396947 0.5992366412213741 0.5 0.601145038167939 0.4732824427480916 0.6374045801526718 0.4675572519083969 0.6431297709923665 0.4312977099236641 0.6164122137404581 0.4179389312977099
1 0.6030534351145038 0.34541984732824427 0.5992366412213741 0.3683206106870229 0.6145038167938931 0.4064885496183206 0.6755725190839694 0.4446564885496183 0.7061068702290076 0.4446564885496183 0.700381679389313 0.4217557251908397 0.6698473282442748 0.3702290076335878
1 0.7938931297709924 0.3606870229007634 0.8110687022900763 0.3893129770992366 0.8416030534351145 0.4026717557251908 0.8912213740458015 0.44274809160305345 0.9980916030534351 0.4770992366412214 0.9980916030534351 0.40458015267175573 0.8740458015267175 0.36450381679389315
1 0.3816793893129771 0.3473282442748092 0.383587786259542 0.35877862595419846 0.41030534351145037 0.3702290076335878 0.4751908396946565 0.366412213740458 0.4713740458015267 0.3511450381679389 0.44274809160305345 0.33396946564885494 0.41603053435114506 0.3320610687022901
1 0.44656488549618323 0.22900763358778625 0.44083969465648853 0.24045801526717558 0.4446564885496183 0.2633587786259542 0.4770992366412214 0.3015267175572519 0.5095419847328244 0.2786259541984733 0.5553435114503816 0.27099236641221375 0.5687022900763359 0.24618320610687022 0.5438931297709924 0.21946564885496184 0.5019083969465649 0.22709923664122136 0.46564885496183206 0.21755725190839695
1 0.49427480916030536 0.2958015267175573 0.49427480916030536 0.30343511450381677 0.517175572519084 0.3110687022900763 0.5400763358778626 0.29770992366412213 0.566793893129771 0.30725190839694655 0.6183206106870229 0.30725190839694655 0.6297709923664122 0.3148854961832061 0.6812977099236641 0.32061068702290074 0.7022900763358778 0.33396946564885494 0.7824427480916031 0.3568702290076336 0.7729007633587787 0.30343511450381677 0.75 0.29961832061068705 0.7118320610687023 0.2786259541984733 0.6603053435114504 0.26717557251908397 0.5305343511450382 0.2748091603053435 0.5076335877862596 0.2824427480916031
1 0.5343511450381679 0.30725190839694655 0.5343511450381679 0.3320610687022901 0.5629770992366412 0.3473282442748092 0.6354961832061069 0.3282442748091603 0.6087786259541985 0.30725190839694655
0 0.013358778625954198 0.6412213740458015 0 0.6507633587786259 0.003816793893129771 0.7309160305343512 0.08778625954198473 0.75 0.16984732824427481 0.7347328244274809 0.19274809160305342 0.7137404580152672 0.183206106870229 0.6984732824427481 0.11450381679389313 0.6641221374045801
0 0.007633587786259542 0.38740458015267176 0.009541984732824428 0.40076335877862596 0 0.4198473282442748 0.003816793893129771 0.46564885496183206 0.030534351145038167 0.4770992366412214 0.08206106870229007 0.44274809160305345 0.08778625954198473 0.42748091603053434 0.05152671755725191 0.40458015267175573 0.02480916030534351 0.37213740458015265 0.01717557251908397 0.37213740458015265
0 0.5744274809160306 0.6679389312977099 0.566793893129771 0.7633587786259542 0.5763358778625954 0.8034351145038168 0.6297709923664122 0.8320610687022901 0.6774809160305344 0.7843511450381679 0.6812977099236641 0.7442748091603053 0.6622137404580153 0.7175572519083969 0.6221374045801527 0.683206106870229
0 0.47900763358778625 0.7442748091603053 0.4732824427480916 0.7748091603053435 0.4961832061068702 0.7977099236641222 0.5152671755725191 0.8034351145038168 0.5687022900763359 0.7977099236641222 0.5629770992366412 0.7519083969465649 0.5419847328244275 0.7232824427480916 0.5248091603053435 0.7175572519083969 0.5057251908396947 0.7213740458015268
0 0.3549618320610687 0.7519083969465649 0.3511450381679389 0.7709923664122137 0.36259541984732824 0.7709923664122137 0.48854961832061067 0.7137404580152672 0.4637404580152672 0.7080152671755725 0.40076335877862596 0.7137404580152672
0 0.6316793893129771 0.6698473282442748 0.6164122137404581 0.6755725190839694 0.6812977099236641 0.6984732824427481 0.7309160305343512 0.7805343511450382 0.7633587786259542 0.816793893129771 0.7938931297709924 0.816793893129771 0.7938931297709924 0.7538167938931297 0.7729007633587787 0.7232824427480916 0.7080152671755725 0.6870229007633588
0 0.7576335877862596 0.6278625954198473 0.8225190839694656 0.6965648854961832 0.8377862595419847 0.7366412213740458 0.833969465648855 0.7805343511450382 0.8625954198473282 0.7824427480916031 0.8721374045801527 0.7595419847328244 0.8530534351145038 0.7251908396946565 0.8454198473282443 0.6679389312977099 0.8282442748091603 0.6507633587786259
0 0.683206106870229 0.4713740458015267 0.683206106870229 0.4866412213740458 0.6927480916030534 0.49427480916030536 0.7442748091603053 0.5114503816793893 0.7442748091603053 0.49236641221374045 0.732824427480916 0.48282442748091603 0.7137404580152672 0.4732824427480916
0 0.25190839694656486 0.5725190839694656 0.25 0.5935114503816794 0.2862595419847328 0.5916030534351145 0.31679389312977096 0.5553435114503816 0.31679389312977096 0.5324427480916031 0.3435114503816794 0.5190839694656488 0.4217557251908397 0.5019083969465649 0.42748091603053434 0.49427480916030536 0.41030534351145037 0.48091603053435117 0.37213740458015265 0.48282442748091603