1 0.07824427480916031 0.3969465648854962 0.08396946564885496 0.42366412213740456 0.1316793893129771 0.4847328244274809 0.13931297709923665 0.5248091603053435 0.21564885496183206 0.5114503816793893 0.2538167938931298 0.49427480916030536 0.30725190839694655 0.4580152671755725 0.3416030534351145 0.366412213740458 0.39122137404580154 0.2748091603053435 0.3950381679389313 0.2480916030534351 0.38549618320610685 0.2385496183206107 0.33969465648854963 0.2385496183206107 0.22709923664122136 0.27099236641221375 0.1984732824427481 0.2900763358778626 0.16221374045801526 0.29961832061068705 0.09541984732824428 0.35877862595419846
1 0.31297709923664124 0.4580152671755725 0.3015267175572519 0.5648854961832062 0.3148854961832061 0.5954198473282443 0.37404580152671757 0.6545801526717557 0.4637404580152672 0.6851145038167938 0.5343511450381679 0.6507633587786259 0.6354961832061069 0.5744274809160306 0.6507633587786259 0.5362595419847328 0.5286259541984732 0.2881679389312977 0.49809160305343514 0.2633587786259542 0.4389312977099237 0.2633587786259542 0.3969465648854962 0.2881679389312977 0.3320610687022901 0.40458015267175573 0.32633587786259544 0.4389312977099237
1 0.5305343511450382 0.24045801526717558 0.5286259541984732 0.26145038167938933 0.5534351145038168 0.29389312977099236 0.5648854961832062 0.3320610687022901 0.5935114503816794 0.37595419847328243 0.6068702290076335 0.43320610687022904 0.6583969465648855 0.5324427480916031 0.7022900763358778 0.5572519083969466 0.7652671755725191 0.5782442748091603 0.8549618320610687 0.583969465648855 0.9007633587786259 0.5706106870229007 0.982824427480916 0.5076335877862596 0.9847328244274809 0.4751908396946565 0.9694656488549618 0.44656488549618323 0.8931297709923665 0.37595419847328243 0.8473282442748091 0.3530534351145038 0.7881679389312977 0.30725190839694655 0.6564885496183206 0.25 0.5706106870229007 0.23091603053435114
1 0.04580152671755725 0.40076335877862596 0.04198473282442748 0.41412213740458015 0.07538167938931298 0.4532442748091603 0.11068702290076336 0.5229007633587787 0.08396946564885496 0.5744274809160306 0.08396946564885496 0.5877862595419847 0.09351145038167939 0.5935114503816794 0.1049618320610687 0.5973282442748091 0.1316793893129771 0.5782442748091603 0.16030534351145037 0.5858778625954199 0.19083969465648856 0.5687022900763359 0.22709923664122136 0.566793893129771 0.2958015267175573 0.5267175572519084 0.3053435114503817 0.4675572519083969 0.25763358778625955 0.4961832061068702 0.20610687022900764 0.5152671755725191 0.14122137404580154 0.5267175572519084 0.1297709923664122 0.5114503816793893 0.1297709923664122 0.4866412213740458 0.07442748091603053 0.41412213740458015 0.08206106870229007 0.37595419847328243 0.09351145038167939 0.36259541984732824
1 0.1431297709923664 0.5973282442748091 0.13931297709923665 0.6183206106870229 0.16030534351145037 0.6469465648854962 0.16793893129770993 0.683206106870229 0.18702290076335878 0.7022900763358778 0.2099236641221374 0.6965648854961832 0.22137404580152673 0.6870229007633588 0.2433206106870229 0.6173664122137404 0.29389312977099236 0.5763358778625954 0.2958015267175573 0.5381679389312977 0.26908396946564883 0.5381679389312977 0.24045801526717558 0.5629770992366412 0.18702290076335878 0.5725190839694656
1 0.4866412213740458 0.6812977099236641 0.48282442748091603 0.6870229007633588 0.48854961832061067 0.6889312977099237 0.5877862595419847 0.6946564885496184 0.6068702290076335 0.7041984732824428 0.6736641221374046 0.7041984732824428 0.6908396946564885 0.6927480916030534 0.7022900763358778 0.666030534351145 0.7748091603053435 0.5858778625954199 0.6564885496183206 0.5438931297709924 0.648854961832061 0.5591603053435115 0.5725190839694656 0.6278625954198473
1 0.04007633587786259 0.5744274809160306 0 0.583969465648855 0 0.6698473282442748 0.1049618320610687 0.6145038167938931 0.08015267175572519 0.5954198473282443 0.08015267175572519 0.5706106870229007
1 0.4599236641221374 0.6965648854961832 0.4312977099236641 0.700381679389313 0.4312977099236641 0.7099236641221374 0.45610687022900764 0.7652671755725191 0.48091603053435117 0.7919847328244275 0.4961832061068702 0.8263358778625954 0.49236641221374045 0.8358778625954199 0.5591603053435115 0.8072519083969466 0.6412213740458015 0.7843511450381679 0.6278625954198473 0.7652671755725191 0.5820610687022901 0.7385496183206107 0.5973282442748091 0.7099236641221374 0.5935114503816794 0.6965648854961832
1 0.2919847328244275 0.6431297709923665 0.2862595419847328 0.6755725190839694 0.31297709923664124 0.7061068702290076 0.37213740458015265 0.732824427480916 0.41603053435114506 0.7366412213740458 0.4351145038167939 0.7309160305343512 0.4217557251908397 0.7022900763358778 0.36259541984732824 0.6717557251908397 0.3530534351145038 0.6450381679389313
1 0.7194656488549618 0.9580152671755725 0.7213740458015268 0.9980916030534351 0.8702290076335878 0.9980916030534351 0.8797709923664122 0.9713740458015268 0.8702290076335878 0.916030534351145 0.833969465648855 0.8950381679389313 0.75 0.9198473282442748
1 0.8721374045801527 0.8893129770992366 0.8645038167938931 0.8893129770992366 0.8816793893129771 0.9694656488549618 0.8740458015267175 0.9980916030534351 0.9522900763358778 0.9980916030534351 0.9541984732824428 0.9885496183206107 0.9064885496183206 0.9274809160305344 0.9007633587786259 0.8969465648854962
1 0.5534351145038168 0.9103053435114504 0.5419847328244275 0.933206106870229 0.5114503816793893 0.9541984732824428 0.5343511450381679 0.9980916030534351 0.7137404580152672 0.9980916030534351 0.7118320610687023 0.9675572519083969 0.6870229007633588 0.9312977099236641 0.6106870229007634 0.9083969465648855
1 0.15076335877862596 0.666030534351145 0.13931297709923665 0.6736641221374046 0.17938931297709923 0.6908396946564885 0.16793893129770993 0.6679389312977099
1 0.1946564885496183 0.6984732824427481 0.22900763358778625 0.7061068702290076 0.28053435114503816 0.7309160305343512 0.2958015267175573 0.7309160305343512 0.3187022900763359 0.7118320610687023 0.2824427480916031 0.6698473282442748 0.23282442748091603 0.6698473282442748
0 0.23473282442748092 0.8721374045801527 0.23282442748091603 0.9217557251908397 0.24236641221374045 0.9522900763358778 0.2958015267175573 0.9809160305343512 0.3301526717557252 0.9866412213740458 0.4026717557251908 0.9942748091603053 0.44656488549618323 0.982824427480916 0.4904580152671756 0.9637404580152672 0.5114503816793893 0.9408396946564885 0.5209923664122137 0.9141221374045801 0.5057251908396947 0.8625954198473282 0.45038167938931295 0.7786259541984732 0.41412213740458015 0.7423664122137404 0.3511450381679389 0.7270992366412213 0.31297709923664124 0.7538167938931297
0 0.0019083969465648854 0.7843511450381679 0 0.9980916030534351 0.06297709923664122 0.9980916030534351 0.1183206106870229 0.9522900763358778 0.13740458015267176 0.9217557251908397 0.16412213740458015 0.7958015267175572 0.19083969465648856 0.7156488549618321 0.11641221374045801 0.7251908396946565
0 0.5858778625954199 0.7366412213740458 0.5858778625954199 0.7480916030534351 0.6259541984732825 0.7614503816793893 0.6393129770992366 0.7881679389312977 0.6335877862595419 0.7977099236641222 0.7041984732824428 0.8358778625954199 0.7251908396946565 0.833969465648855 0.7061068702290076 0.8148854961832062 0.700381679389313 0.7652671755725191 0.6545801526717557 0.7137404580152672 0.6030534351145038 0.7099236641221374
0 0.700381679389313 0.6755725190839694 0.6908396946564885 0.7041984732824428 0.7385496183206107 0.7480916030534351 0.7805343511450382 0.7232824427480916 0.7824427480916031 0.7022900763358778 0.767175572519084 0.6851145038167938 0.7156488549618321 0.6641221374045801