1 0.15445859872611464 0.4840764331210191 0.13694267515923567 0.5589171974522293 0.09554140127388536 0.5875796178343949 0.1337579617834395 0.5748407643312102 0.18630573248407642 0.5780254777070064 0.21656050955414013 0.5652866242038217 0.2515923566878981 0.5636942675159236 0.2914012738853503 0.5461783439490446 0.47929936305732485 0.4410828025477707 0.5127388535031847 0.39171974522292996 0.5318471337579618 0.37579617834394907 0.5031847133757962 0.3614649681528662 0.4729299363057325 0.3614649681528662 0.34235668789808915 0.37738853503184716 0.3200636942675159 0.39012738853503187 0.25477707006369427 0.4028662420382166 0.21337579617834396 0.42197452229299365
1 0.054140127388535034 0.34394904458598724 0 0.3678343949044586 0 0.37579617834394907 0.20382165605095542 0.37101910828025475 0.32643312101910826 0.38057324840764334 0.40764331210191085 0.3630573248407643 0.4570063694267516 0.3614649681528662 0.4554140127388535 0.3535031847133758 0.4267515923566879 0.3359872611464968 0.321656050955414 0.30254777070063693 0.2070063694267516 0.3057324840764331 0.13535031847133758 0.31687898089171973 0.07961783439490445 0.34076433121019106
1 0.3471337579617834 0.2945859872611465 0.34554140127388533 0.304140127388535 0.35509554140127386 0.31210191082802546 0.3964968152866242 0.3232484076433121 0.46656050955414013 0.35509554140127386 0.4840764331210191 0.3519108280254777 0.4681528662420382 0.321656050955414 0.4729299363057325 0.29936305732484075 0.4872611464968153 0.29936305732484075 0.5334394904458599 0.34554140127388533 0.5461783439490446 0.3487261146496815 0.5429936305732485 0.2945859872611465 0.5079617834394905 0.24363057324840764 0.49044585987261147 0.23089171974522293 0.46496815286624205 0.23248407643312102 0.42038216560509556 0.2659235668789809 0.36942675159235666 0.2770700636942675
1 0.42197452229299365 0.5780254777070064 0.4171974522292994 0.6385350318471338 0.5764331210191083 0.6353503184713376 0.5859872611464968 0.6035031847133758 0.5732484076433121 0.5573248407643312 0.554140127388535 0.36942675159235666 0.5286624203821656 0.37420382165605093 0.4554140127388535 0.482484076433121
1 0.5732484076433121 0.3487261146496815 0.5700636942675159 0.35509554140127386 0.5748407643312102 0.35828025477707004 0.6464968152866242 0.3662420382165605 0.714968152866242 0.3869426751592357 0.8296178343949044 0.4538216560509554 0.8678343949044586 0.49522292993630573 0.8678343949044586 0.5191082802547771 0.8455414012738853 0.5589171974522293 0.804140127388535 0.5732484076433121 0.8455414012738853 0.5684713375796179 0.8694267515923567 0.5748407643312102 0.8742038216560509 0.5700636942675159 0.8837579617834395 0.535031847133758 0.8805732484076433 0.4410828025477707 0.85828025477707 0.3996815286624204 0.8328025477707006 0.37101910828025475 0.7786624203821656 0.339171974522293 0.7229299363057324 0.3248407643312102 0.6194267515923567 0.33121019108280253
1 0.5111464968152867 0.22452229299363058 0.5095541401273885 0.24203821656050956 0.5493630573248408 0.304140127388535 0.5509554140127388 0.34554140127388533 0.5589171974522293 0.35987261146496813 0.5684713375796179 0.3487261146496815 0.6194267515923567 0.32802547770700635 0.6560509554140127 0.2802547770700637 0.7133757961783439 0.2372611464968153 0.6847133757961783 0.23248407643312102 0.643312101910828 0.2356687898089172 0.5955414012738853 0.20222929936305734 0.5270700636942676 0.21019108280254778
1 0.13853503184713375 0.2484076433121019 0.14171974522292993 0.27070063694267515 0.18789808917197454 0.3057324840764331 0.339171974522293 0.30254777070063693 0.3630573248407643 0.2770700636942675 0.3885350318471338 0.267515923566879 0.34394904458598724 0.24363057324840764 0.2643312101910828 0.22929936305732485 0.24363057324840764 0.22929936305732485 0.19745222929936307 0.24363057324840764 0.1464968152866242 0.2372611464968153
1 0.027070063694267517 0.7006369426751592 0 0.7245222929936306 0.0031847133757961785 0.9251592356687898 0.18152866242038215 0.8519108280254777 0.31369426751592355 0.7595541401273885 0.35509554140127386 0.7213375796178344 0.40923566878980894 0.6496815286624203 0.41878980891719747 0.5732484076433121 0.4156050955414013 0.5557324840764332 0.31369426751592355 0.5652866242038217 0.21496815286624205 0.5907643312101911 0.11942675159235669 0.6321656050955414
1 0.5700636942675159 0.44904458598726116 0.5668789808917197 0.48089171974522293 0.5764331210191083 0.5509554140127388 0.5859872611464968 0.5732484076433121 0.6703821656050956 0.695859872611465 0.8550955414012739 0.9920382165605095 0.8678343949044586 0.9984076433121019 0.9840764331210191 0.9984076433121019 0.9538216560509554 0.89171974522293 0.9156050955414012 0.8136942675159236 0.9156050955414012 0.7754777070063694 0.8789808917197452 0.7038216560509554 0.8296178343949044 0.6592356687898089 0.8089171974522293 0.6114649681528662 0.7388535031847133 0.5318471337579618 0.6592356687898089 0.4729299363057325 0.6050955414012739 0.45222929936305734
1 0.43789808917197454 0.8343949044585988 0.4299363057324841 0.9235668789808917 0.43471337579617836 0.9729299363057324 0.4442675159235669 0.9984076433121019 0.7722929936305732 0.9984076433121019 0.7754777070063694 0.9936305732484076 0.7770700636942676 0.9570063694267515 0.7691082802547771 0.9347133757961783 0.7563694267515924 0.8375796178343949 0.6146496815286624 0.6178343949044586 0.6019108280254777 0.606687898089172 0.5907643312101911 0.6114649681528662 0.5812101910828026 0.6337579617834395 0.5207006369426752 0.6464968152866242 0.46496815286624205 0.7436305732484076
0 0.020700636942675158 0.9840764331210191 0.01910828025477707 0.9984076433121019 0.24363057324840764 0.9984076433121019 0.2531847133757962 0.9920382165605095 0.3089171974522293 0.9410828025477707 0.37898089171974525 0.8519108280254777 0.43471337579617836 0.7515923566878981 0.43630573248407645 0.7356687898089171 0.44904458598726116 0.7245222929936306 0.4697452229299363 0.678343949044586 0.47770700636942676 0.6767515923566879 0.4697452229299363 0.6544585987261147 0.4601910828025478 0.6592356687898089 0.45063694267515925 0.6528662420382165 0.410828025477707 0.6544585987261147 0.3519108280254777 0.7292993630573248 0.22770700636942676 0.8280254777070064 0.17038216560509553 0.8614649681528662 0.06210191082802548 0.9076433121019108 0.03821656050955414 0.9378980891719745
0 0.7722929936305732 0.5477707006369427 0.7643312101910829 0.5493630573248408 0.767515923566879 0.5589171974522293 0.8105095541401274 0.6114649681528662 0.8232484076433121 0.6449044585987261 0.8359872611464968 0.6576433121019108 0.8550955414012739 0.6528662420382165 0.9203821656050956 0.6719745222929936 0.9984076433121019 0.6735668789808917 0.9984076433121019 0.6194267515923567 0.945859872611465 0.5764331210191083 0.8837579617834395 0.5589171974522293 0.8726114649681529 0.5764331210191083 0.8614649681528662 0.5796178343949044 0.8519108280254777 0.5732484076433121 0.8359872611464968 0.5748407643312102 0.8296178343949044 0.5477707006369427
0 0.012738853503184714 0.5493630573248408 0 0.554140127388535 0.0031847133757961785 0.6767515923566879 0.0589171974522293 0.6703821656050956 0.1321656050955414 0.6226114649681529 0.21815286624203822 0.5859872611464968 0.37420382165605093 0.5493630573248408 0.3519108280254777 0.5382165605095541 0.3200636942675159 0.5334394904458599 0.25796178343949044 0.5652866242038217 0.21656050955414013 0.5684713375796179 0.18789808917197454 0.5812101910828026 0.14331210191082802 0.5780254777070064 0.12898089171974522 0.5605095541401274 0.13853503184713375 0.5270700636942676 0.07961783439490445 0.5334394904458599
0 0.44745222929936307 0.7022292993630573 0.41878980891719747 0.7802547770700637 0.3662420382165605 0.8710191082802548 0.39331210191082805 0.945859872611465 0.4251592356687898 0.8980891719745223 0.4426751592356688 0.8089171974522293 0.46496815286624205 0.7388535031847133 0.49044585987261147 0.6894904458598726 0.482484076433121 0.6687898089171974 0.46656050955414013 0.6703821656050956
0 0.7022292993630573 0.4856687898089172 0.6926751592356688 0.49044585987261147 0.6990445859872612 0.4984076433121019 0.7611464968152867 0.5477707006369427 0.8487261146496815 0.5445859872611465 0.8614649681528662 0.5207006369426752 0.8487261146496815 0.5079617834394905 0.7754777070063694 0.4840764331210191 0.7261146496815286 0.48089171974522293