1 0.5 0.37786259541984735 0.49809160305343514 0.4026717557251908 0.5305343511450382 0.5534351145038168 0.5400763358778626 0.5648854961832062 0.5534351145038168 0.5648854961832062 0.601145038167939 0.5400763358778626 0.6641221374045801 0.4732824427480916 0.6908396946564885 0.4198473282442748 0.7080152671755725 0.3416030534351145 0.6965648854961832 0.32251908396946566 0.6526717557251909 0.2862595419847328 0.5935114503816794 0.2748091603053435 0.5515267175572519 0.3110687022900763
1 0.7061068702290076 0.37595419847328243 0.6755725190839694 0.45610687022900764 0.6335877862595419 0.5209923664122137 0.7748091603053435 0.48282442748091603 0.8931297709923665 0.4198473282442748 0.9293893129770993 0.38740458015267176 0.9427480916030534 0.36259541984732824 0.9618320610687023 0.2919847328244275 0.8416030534351145 0.32061068702290074
1 0.003816793893129771 0.4179389312977099 0 0.42938931297709926 0.02099236641221374 0.4599236641221374 0.10114503816793893 0.5019083969465649 0.27099236641221375 0.5438931297709924 0.3473282442748092 0.5534351145038168 0.37404580152671757 0.549618320610687 0.36450381679389315 0.5114503816793893 0.2824427480916031 0.46564885496183206 0.19274809160305342 0.4312977099236641 0.1183206106870229 0.4179389312977099
1 0.5477099236641222 0.5744274809160306 0.5515267175572519 0.5858778625954199 0.5706106870229007 0.5954198473282443 0.6564885496183206 0.6221374045801527 0.8244274809160306 0.648854961832061 0.9198473282442748 0.6469465648854962 0.9980916030534351 0.6240458015267175 0.9980916030534351 0.601145038167939 0.9885496183206107 0.5954198473282443 0.9351145038167938 0.5763358778625954 0.8854961832061069 0.5687022900763359
1 0.37404580152671757 0.517175572519084 0.37404580152671757 0.5458015267175572 0.45038167938931295 0.6164122137404581 0.4770992366412214 0.6240458015267175 0.4751908396946565 0.583969465648855 0.44656488549618323 0.5400763358778626 0.4083969465648855 0.517175572519084 0.38740458015267176 0.5114503816793893
1 0.013358778625954198 0.6221374045801527 0 0.6278625954198473 0 0.6870229007633588 0.07251908396946564 0.7061068702290076 0.1183206106870229 0.7061068702290076 0.17938931297709923 0.6946564885496184 0.25572519083969464 0.6927480916030534 0.3530534351145038 0.6698473282442748 0.41412213740458015 0.6431297709923665 0.4446564885496183 0.6183206106870229 0.3988549618320611 0.5687022900763359 0.39122137404580154 0.5687022900763359 0.28053435114503816 0.6106870229007634 0.21564885496183206 0.6221374045801527 0.2385496183206107 0.6507633587786259 0.21946564885496184 0.6603053435114504 0.1297709923664122 0.6183206106870229
1 0.09923664122137404 0.5305343511450382 0.09732824427480916 0.5591603053435115 0.1049618320610687 0.583969465648855 0.13549618320610687 0.6202290076335878 0.2099236641221374 0.6603053435114504 0.24236641221374045 0.6603053435114504 0.1717557251908397 0.5858778625954199 0.14694656488549618 0.5419847328244275 0.11450381679389313 0.5076335877862596
0 0.25190839694656486 0.3530534351145038 0.25 0.366412213740458 0.2652671755725191 0.41030534351145037 0.30916030534351147 0.45610687022900764 0.3797709923664122 0.49236641221374045 0.4484732824427481 0.4961832061068702 0.4484732824427481 0.48091603053435117 0.42938931297709926 0.44656488549618323 0.39122137404580154 0.4122137404580153 0.3148854961832061 0.3683206106870229
0 0.37213740458015265 0.3416030534351145 0.3683206106870229 0.366412213740458 0.37786259541984735 0.3950381679389313 0.40458015267175573 0.4217557251908397 0.4618320610687023 0.4637404580152672 0.5 0.4618320610687023 0.5057251908396947 0.4446564885496183 0.49427480916030536 0.4026717557251908 0.5114503816793893 0.3530534351145038 0.4847328244274809 0.32061068702290074 0.42748091603053434 0.2729007633587786
0 0.1965648854961832 0.33587786259541985 0.23282442748091603 0.3950381679389313 0.2652671755725191 0.4179389312977099 0.24427480916030533 0.3511450381679389
0 0.49809160305343514 0.5648854961832062 0.5114503816793893 0.6431297709923665 0.49809160305343514 0.6545801526717557 0.48282442748091603 0.6526717557251909 0.4904580152671756 0.6812977099236641 0.5591603053435115 0.7423664122137404 0.6431297709923665 0.7824427480916031 0.6641221374045801 0.7366412213740458 0.6622137404580153 0.683206106870229 0.6507633587786259 0.6545801526717557 0.6431297709923665 0.6450381679389313 0.6278625954198473 0.6431297709923665 0.6087786259541985 0.6125954198473282 0.5572519083969466 0.5935114503816794 0.5248091603053435 0.5629770992366412 0.5019083969465649 0.5591603053435115
0 0.6208645038167939 0.6068702290076335 0.6221374045801527 0.6424942748091602 0.6781164122137405 0.64631106870229 0.7010171755725191 0.6526717557251909 0.7162843511450382 0.6959293893129771 0.6895667938931298 0.730280534351145 0.7022900763358778 0.7366412213740458 0.730280534351145 0.7086507633587786 0.7506354961832061 0.6603053435114504 0.745547709923664 0.6450381679389313 0.732824427480916 0.636131679389313 0.6539446564885496 0.6221374045801527
0 0.6590324427480917 0.6513988549618321 0.6590324427480917 0.6742996183206107 0.6666660305343513 0.732824427480916 0.7048339694656489 0.7595419847328244 0.7684484732824427 0.7811698473282443 0.851145038167939 0.7938931297709924 0.8715019083969465 0.7824427480916031 0.8562347328244274 0.7430019083969466 0.8244274809160306 0.7061068702290076 0.754452290076336 0.6679389312977099
0 0.8912213740458015 0.6736641221374046 0.898854961832061 0.7366412213740458 0.9236641221374046 0.7767175572519084 0.9541984732824428 0.7824427480916031 0.9980916030534351 0.7690839694656488 0.9980916030534351 0.6316793893129771 0.9045801526717557 0.6545801526717557
0 0.10687022900763359 0.8568702290076335 0.1049618320610687 0.9026717557251909 0.12595419847328243 0.9427480916030534 0.183206106870229 0.9980916030534351 0.1984732824427481 0.9980916030534351 0.23091603053435114 0.9446564885496184 0.21183206106870228 0.9045801526717557 0.21183206106870228 0.8702290076335878 0.22519083969465647 0.8358778625954199 0.15076335877862596 0.7862595419847328 0.12022900763358779 0.8263358778625954
0 0.011450381679389313 0.7519083969465649 0 0.7519083969465649 0 0.7977099236641222 0.12404580152671756 0.7709923664122137
0 0.21564885496183206 0.8664122137404581 0.21755725190839695 0.9122137404580153 0.2385496183206107 0.9522900763358778 0.2786259541984733 0.9961832061068703 0.3015267175572519 0.9980916030534351 0.3301526717557252 0.9236641221374046 0.33396946564885494 0.8740458015267175 0.32251908396946566 0.833969465648855 0.2824427480916031 0.7862595419847328 0.22900763358778625 0.8416030534351145
0 0.03435114503816794 0.8664122137404581 0.04389312977099236 0.9026717557251909 0.019083969465648856 0.9141221374045801 0.02480916030534351 0.9274809160305344 0.08587786259541985 0.9484732824427481 0.12595419847328243 0.9484732824427481 0.10305343511450382 0.9045801526717557 0.09923664122137404 0.8702290076335878 0.04770992366412214 0.8606870229007634
0 0.3301526717557252 0.8358778625954199 0.3377862595419847 0.8816793893129771 0.32633587786259544 0.9446564885496184 0.33396946564885494 0.9541984732824428 0.3530534351145038 0.9541984732824428 0.38549618320610685 0.9408396946564885 0.4713740458015267 0.8587786259541985 0.48854961832061067 0.8244274809160306 0.48854961832061067 0.7786259541984732 0.4770992366412214 0.7423664122137404 0.42938931297709926 0.7519083969465649 0.38549618320610685 0.7748091603053435 0.3435114503816794 0.8129770992366412
0 0.4122137404580153 0.9179389312977099 0.4122137404580153 0.9274809160305344 0.42748091603053434 0.9427480916030534 0.4618320610687023 0.9618320610687023 0.5267175572519084 0.9751908396946565 0.583969465648855 0.9751908396946565 0.5877862595419847 0.9694656488549618 0.5553435114503816 0.8778625954198473 0.45038167938931295 0.8950381679389313 0.4217557251908397 0.9064885496183206
0 0.5687022900763359 0.8740458015267175 0.5820610687022901 0.933206106870229 0.5973282442748091 0.9694656488549618 0.6068702290076335 0.9751908396946565 0.7080152671755725 0.9599236641221374 0.7595419847328244 0.9446564885496184 0.8244274809160306 0.9141221374045801 0.8721374045801527 0.8816793893129771 0.8816793893129771 0.8606870229007634 0.6526717557251909 0.8645038167938931
0 0.601145038167939 0.8568702290076335 0.5935114503816794 0.8664122137404581 0.7729007633587787 0.8606870229007634 0.8206106870229007 0.8206106870229007 0.8320610687022901 0.7919847328244275 0.7786259541984732 0.7881679389312977 0.7538167938931297 0.7938931297709924
0 0.833969465648855 0.8530534351145038 0.8549618320610687 0.8530534351145038 0.8816793893129771 0.8683206106870229 0.8759541984732825 0.8874045801526718 0.8473282442748091 0.898854961832061 0.8282442748091603 0.9179389312977099 0.8568702290076335 0.9427480916030534 0.8893129770992366 0.9599236641221374 0.9427480916030534 0.9179389312977099 0.9465648854961832 0.8759541984732825 0.8950381679389313 0.8053435114503816 0.8702290076335878 0.799618320610687
0 0.9790076335877863 0.8950381679389313 0.9522900763358778 0.9198473282442748 0.9637404580152672 0.9618320610687023 0.9980916030534351 0.9599236641221374 0.9980916030534351 0.898854961832061