1 0.2595419847328244 0.2633587786259542 0.25572519083969464 0.28435114503816794 0.26145038167938933 0.2958015267175573 0.31297709923664124 0.3473282442748092 0.37786259541984735 0.383587786259542 0.4637404580152672 0.41412213740458015 0.4847328244274809 0.41412213740458015 0.4732824427480916 0.366412213740458 0.4961832061068702 0.30725190839694655 0.4732824427480916 0.2767175572519084 0.4122137404580153 0.24427480916030533 0.3053435114503817 0.21564885496183206
1 0.02099236641221374 0.48282442748091603 0.02099236641221374 0.49236641221374045 0.04961832061068702 0.49427480916030536 0.2958015267175573 0.47900763358778625 0.41603053435114506 0.44083969465648853 0.4484732824427481 0.43702290076335876 0.46946564885496184 0.42366412213740456 0.4541984732824427 0.4122137404580153 0.3988549618320611 0.40076335877862596 0.2366412213740458 0.3988549618320611 0.09923664122137404 0.42748091603053434 0.03244274809160305 0.46564885496183206
1 0.2633587786259542 0.5896946564885496 0.2595419847328244 0.6278625954198473 0.29961832061068705 0.7175572519083969 0.3015267175572519 0.7595419847328244 0.3301526717557252 0.7061068702290076 0.3969465648854962 0.6698473282442748 0.4599236641221374 0.6125954198473282 0.49427480916030536 0.5400763358778626 0.5019083969465649 0.4866412213740458 0.49809160305343514 0.45038167938931295 0.46946564885496184 0.44083969465648853 0.4179389312977099 0.44656488549618323 0.33969465648854963 0.4866412213740458 0.2919847328244275 0.5362595419847328
1 0.17557251908396945 0.5248091603053435 0.1717557251908397 0.5419847328244275 0.18129770992366412 0.5515267175572519 0.21755725190839695 0.5553435114503816 0.2633587786259542 0.5458015267175572 0.2862595419847328 0.5362595419847328 0.37213740458015265 0.4599236641221374 0.30916030534351147 0.47900763358778625 0.21183206106870228 0.4866412213740458
1 0.5133587786259542 0.46946564885496184 0.5133587786259542 0.5229007633587787 0.5648854961832062 0.5858778625954199 0.6469465648854962 0.6393129770992366 0.7309160305343512 0.6717557251908397 0.7748091603053435 0.6793893129770993 0.8549618320610687 0.7385496183206107 0.8244274809160306 0.6889312977099237 0.8244274809160306 0.6526717557251909 0.767175572519084 0.5248091603053435 0.7385496183206107 0.4961832061068702 0.6641221374045801 0.4618320610687023 0.5954198473282443 0.4446564885496183 0.5362595419847328 0.4446564885496183
1 0.5209923664122137 0.41603053435114506 0.5286259541984732 0.4255725190839695 0.5610687022900763 0.4351145038167939 0.7690839694656488 0.4732824427480916 0.7919847328244275 0.4732824427480916 0.8053435114503816 0.45610687022900764 0.8263358778625954 0.44656488549618323 0.8206106870229007 0.4351145038167939 0.7919847328244275 0.42366412213740456 0.7041984732824428 0.40458015267175573 0.5877862595419847 0.4026717557251908
1 0.5229007633587787 0.3988549618320611 0.5209923664122137 0.41412213740458015 0.5629770992366412 0.41412213740458015 0.5706106870229007 0.4026717557251908 0.700381679389313 0.3988549618320611 0.8587786259541985 0.3683206106870229 0.916030534351145 0.3473282442748092 0.9389312977099237 0.32633587786259544 0.8301526717557252 0.31297709923664124 0.6908396946564885 0.3244274809160305 0.6278625954198473 0.3416030534351145
1 0.48091603053435117 0.34923664122137404 0.47900763358778625 0.38549618320610685 0.48854961832061067 0.4026717557251908 0.5038167938931297 0.4026717557251908 0.6335877862595419 0.33587786259541985 0.6603053435114504 0.30343511450381677 0.6603053435114504 0.28053435114503816 0.6316793893129771 0.25572519083969464 0.5706106870229007 0.26908396946564883 0.5076335877862596 0.3053435114503817
1 0.48854961832061067 0.5629770992366412 0.4847328244274809 0.6087786259541985 0.49236641221374045 0.6297709923664122 0.5152671755725191 0.6679389312977099 0.5553435114503816 0.7022900763358778 0.5610687022900763 0.700381679389313 0.5992366412213741 0.6679389312977099 0.6221374045801527 0.6316793893129771 0.5477099236641222 0.5706106870229007 0.5076335877862596 0.517175572519084
0 0.6106870229007634 0.6603053435114504 0.6125954198473282 0.700381679389313 0.6412213740458015 0.7251908396946565 0.7977099236641222 0.8053435114503816 0.933206106870229 0.8358778625954199 0.9370229007633588 0.7900763358778626 0.9179389312977099 0.7442748091603053 0.8816793893129771 0.700381679389313 0.8435114503816794 0.6717557251908397 0.833969465648855 0.6679389312977099 0.8091603053435115 0.7041984732824428 0.7881679389312977 0.6870229007633588 0.6889312977099237 0.6622137404580153 0.6297709923664122 0.6354961832061069
0 0.7309160305343512 0.48091603053435117 0.7919847328244275 0.549618320610687 0.916030534351145 0.549618320610687 0.9713740458015268 0.5381679389312977 0.8416030534351145 0.49236641221374045 0.7843511450381679 0.48091603053435117
0 0.32061068702290074 0.7251908396946565 0.31679389312977096 0.7748091603053435 0.3301526717557252 0.8053435114503816 0.41412213740458015 0.7900763358778626 0.45038167938931295 0.7709923664122137 0.49809160305343514 0.7175572519083969 0.5038167938931297 0.6526717557251909 0.48091603053435117 0.6145038167938931 0.4675572519083969 0.6125954198473282 0.4064885496183206 0.666030534351145 0.3320610687022901 0.7080152671755725
0 0.16221374045801526 0.6564885496183206 0.16412213740458015 0.6641221374045801 0.19083969465648856 0.6698473282442748 0.1984732824427481 0.6793893129770993 0.20038167938931298 0.7270992366412213 0.19274809160305342 0.7519083969465649 0.22328244274809161 0.7270992366412213 0.2881679389312977 0.7061068702290076 0.25763358778625955 0.6335877862595419 0.2538167938931298 0.6049618320610687 0.2099236641221374 0.6164122137404581 0.1946564885496183 0.6374045801526718
0 0.007633587786259542 0.3549618320610687 0 0.366412213740458 0 0.42748091603053434 0.026717557251908396 0.4618320610687023 0.11259541984732824 0.4198473282442748 0.1946564885496183 0.4026717557251908 0.22709923664122136 0.34541984732824427 0.23473282442748092 0.2652671755725191 0.1717557251908397 0.25 0.16030534351145037 0.2748091603053435 0.1316793893129771 0.30343511450381677 0.061068702290076333 0.3530534351145038 0.03816793893129771 0.32633587786259544
0 0.8702290076335878 0.2595419847328244 0.8683206106870229 0.30916030534351147 0.9141221374045801 0.31679389312977096 0.9980916030534351 0.2366412213740458 0.9980916030534351 0.18129770992366412 0.9656488549618321 0.18893129770992367 0.9083969465648855 0.21755725190839695 0.8759541984732825 0.24236641221374045
0 0.8912213740458015 0.40458015267175573 0.8854961832061069 0.41412213740458015 0.8893129770992366 0.4484732824427481 0.9064885496183206 0.45229007633587787 0.9656488549618321 0.42366412213740456 0.9866412213740458 0.3931297709923664 0.9770992366412213 0.37595419847328243 0.9561068702290076 0.3606870229007634 0.9351145038167938 0.366412213740458
0 0.04007633587786259 0.27099236641221375 0.03625954198473282 0.29961832061068705 0.05916030534351145 0.3473282442748092 0.11450381679389313 0.31297709923664124 0.15076335877862596 0.2786259541984733 0.17748091603053434 0.21564885496183206 0.1450381679389313 0.21374045801526717 0.08206106870229007 0.23282442748091603