1 0.45229007633587787 0.5801526717557252 0.4179389312977099 0.6393129770992366 0.3797709923664122 0.7366412213740458 0.3473282442748092 0.7519083969465649 0.31679389312977096 0.7786259541984732 0.36259541984732824 0.767175572519084 0.41030534351145037 0.7862595419847328 0.4398854961832061 0.7843511450381679 0.46564885496183206 0.7919847328244275 0.5038167938931297 0.7843511450381679 0.5801526717557252 0.7881679389312977 0.6145038167938931 0.7690839694656488 0.6603053435114504 0.7061068702290076 0.6870229007633588 0.6354961832061069 0.6927480916030534 0.5763358778625954 0.6812977099236641 0.5286259541984732 0.6106870229007634 0.4961832061068702 0.5782442748091603 0.4961832061068702 0.5343511450381679 0.5114503816793893 0.48091603053435117 0.549618320610687
1 0.3568702290076336 0.18129770992366412 0.35877862595419846 0.19083969465648856 0.4064885496183206 0.22709923664122136 0.4599236641221374 0.34923664122137404 0.5152671755725191 0.4198473282442748 0.5916030534351145 0.48282442748091603 0.6755725190839694 0.5190839694656488 0.6946564885496184 0.5114503816793893 0.700381679389313 0.48091603053435117 0.6927480916030534 0.4179389312977099 0.6698473282442748 0.33396946564885494 0.648854961832061 0.29389312977099236 0.583969465648855 0.21564885496183206 0.5305343511450382 0.17748091603053434 0.5095419847328244 0.1717557251908397 0.45610687022900764 0.17748091603053434 0.4083969465648855 0.19274809160305342
1 0.6812977099236641 0.03816793893129771 0.683206106870229 0.26908396946564883 0.7137404580152672 0.4713740458015267 0.7251908396946565 0.49236641221374045 0.7519083969465649 0.44083969465648853 0.7729007633587787 0.3187022900763359 0.7767175572519084 0.21183206106870228 0.767175572519084 0.18129770992366412 0.7729007633587787 0.09541984732824428 0.7614503816793893 0.02099236641221374 0.7519083969465649 0 0.6870229007633588 0
1 0.5916030534351145 0.14885496183206107 0.5896946564885496 0.17748091603053434 0.601145038167939 0.22709923664122136 0.666030534351145 0.3187022900763359 0.6946564885496184 0.4064885496183206 0.7061068702290076 0.4675572519083969 0.6774809160305344 0.1717557251908397 0.6221374045801527 0.11450381679389313 0.601145038167939 0.11641221374045801
1 0.3969465648854962 0.45610687022900764 0.3931297709923664 0.46564885496183206 0.41030534351145037 0.5 0.4599236641221374 0.5687022900763359 0.5324427480916031 0.5095419847328244 0.5935114503816794 0.4904580152671756 0.5305343511450382 0.43702290076335876 0.4866412213740458 0.4217557251908397 0.4351145038167939 0.42938931297709926
1 0.7309160305343512 0.49427480916030536 0.7290076335877863 0.5229007633587787 0.7709923664122137 0.517175572519084 0.8244274809160306 0.5458015267175572 0.8549618320610687 0.5763358778625954 0.9122137404580153 0.4618320610687023 0.9064885496183206 0.42366412213740456 0.8778625954198473 0.3549618320610687 0.8664122137404581 0.3473282442748092 0.8377862595419847 0.3473282442748092 0.8015267175572519 0.37595419847328243
1 0.7519083969465649 0.5190839694656488 0.7366412213740458 0.5286259541984732 0.7366412213740458 0.5419847328244275 0.75 0.5553435114503816 0.8187022900763359 0.7290076335877863 0.8416030534351145 0.7614503816793893 0.8625954198473282 0.7652671755725191 0.8835877862595419 0.7404580152671756 0.8816793893129771 0.6812977099236641 0.8683206106870229 0.648854961832061 0.851145038167939 0.666030534351145 0.8358778625954199 0.6641221374045801 0.8492366412213741 0.6030534351145038 0.8473282442748091 0.5801526717557252 0.8091603053435115 0.5343511450381679 0.7786259541984732 0.5209923664122137
1 0.6316793893129771 0.8396946564885496 0.6297709923664122 0.8625954198473282 0.6583969465648855 0.916030534351145 0.6679389312977099 0.9198473282442748 0.6965648854961832 0.8759541984732825 0.7290076335877863 0.7519083969465649 0.7366412213740458 0.6507633587786259 0.7309160305343512 0.6087786259541985 0.7442748091603053 0.5725190839694656 0.7232824427480916 0.5553435114503816 0.7080152671755725 0.5782442748091603 0.6583969465648855 0.7270992366412213
1 0.7290076335877863 0.5591603053435115 0.7366412213740458 0.6817748091603053 0.7309160305343512 0.7633587786259542 0.75 0.9961832061068703 0.816793893129771 0.9980916030534351 0.8244274809160306 0.898854961832061 0.8206106870229007 0.8244274809160306 0.8053435114503816 0.7347328244274809 0.7690839694656488 0.6202290076335878 0.75 0.5782442748091603
1 0.8435114503816794 0.6335877862595419 0.8396946564885496 0.6641221374045801 0.8874045801526718 0.6335877862595419 0.9522900763358778 0.5381679389312977 0.982824427480916 0.45229007633587787 0.9904580152671756 0.41030534351145037 0.9885496183206107 0.3606870229007634 0.9732824427480916 0.3606870229007634 0.9561068702290076 0.3797709923664122 0.9236641221374046 0.4618320610687023 0.9064885496183206 0.4751908396946565 0.8683206106870229 0.5534351145038168
1 0.9904580152671756 0.41603053435114506 0.9847328244274809 0.45610687022900764 0.9179389312977099 0.6603053435114504 0.9866412213740458 0.5725190839694656 0.9980916030534351 0.5286259541984732 0.9980916030534351 0.41412213740458015
1 0.8874045801526718 0.0648854961832061 0.8396946564885496 0.07251908396946564 0.8396946564885496 0.07824427480916031 0.9274809160305344 0.2099236641221374 0.9980916030534351 0.26145038167938933 0.9980916030534351 0.20229007633587787 0.9751908396946565 0.13358778625954199 0.9274809160305344 0.06870229007633588
1 0.8282442748091603 0 0.7576335877862596 0 0.7748091603053435 0.08015267175572519 0.7767175572519084 0.1984732824427481 0.7824427480916031 0.21374045801526717 0.8396946564885496 0.2652671755725191 0.9274809160305344 0.3148854961832061 0.9389312977099237 0.2900763358778626 0.9351145038167938 0.23091603053435114 0.8454198473282443 0.08778625954198473 0.8740458015267175 0.05725190839694656
0 0.25 0.732824427480916 0.21374045801526717 0.8530534351145038 0.19083969465648856 0.8606870229007634 0.19083969465648856 0.8702290076335878 0.21755725190839695 0.8721374045801527 0.2633587786259542 0.8912213740458015 0.3110687022900763 0.8893129770992366 0.3797709923664122 0.851145038167939 0.41603053435114506 0.8110687022900763 0.42366412213740456 0.7881679389312977 0.40076335877862596 0.7881679389312977 0.3568702290076336 0.7709923664122137 0.33587786259541985 0.7786259541984732 0.3301526717557252 0.7614503816793893 0.3797709923664122 0.7309160305343512 0.41603053435114506 0.6354961832061069 0.4446564885496183 0.5877862595419847 0.44274809160305345 0.5744274809160306 0.4083969465648855 0.5763358778625954 0.3702290076335878 0.5973282442748091 0.2881679389312977 0.6736641221374046
0 0.3053435114503817 0.24045801526717558 0.3015267175572519 0.2538167938931298 0.32251908396946566 0.3568702290076336 0.3606870229007634 0.42366412213740456 0.3893129770992366 0.45229007633587787 0.40458015267175573 0.45229007633587787 0.43702290076335876 0.4255725190839695 0.5057251908396947 0.4198473282442748 0.3988549618320611 0.2538167938931298 0.3568702290076336 0.23473282442748092
0 0.5267175572519084 0.9389312977099237 0.5267175572519084 0.9980916030534351 0.5610687022900763 0.9980916030534351 0.5896946564885496 0.9446564885496184 0.6125954198473282 0.8740458015267175 0.6202290076335878 0.7709923664122137 0.5820610687022901 0.7919847328244275 0.5419847328244275 0.7938931297709924
0 0.4618320610687023 0.7977099236641222 0.4580152671755725 0.8301526717557252 0.48091603053435117 0.8396946564885496 0.4866412213740458 0.8950381679389313 0.5038167938931297 0.8950381679389313 0.5305343511450382 0.8645038167938931 0.5458015267175572 0.7919847328244275 0.5019083969465649 0.7900763358778626
0 0.8530534351145038 0.01717557251908397 0.851145038167939 0.026717557251908396 0.8816793893129771 0.061068702290076333 0.9236641221374046 0.061068702290076333 0.9694656488549618 0.030534351145038167 0.982824427480916 0 0.8683206106870229 0