1 0.26717557251908397 0.37595419847328243 0.26717557251908397 0.4122137404580153 0.2862595419847328 0.45610687022900764 0.3511450381679389 0.5267175572519084 0.4484732824427481 0.566793893129771 0.47900763358778625 0.5687022900763359 0.5038167938931297 0.5591603053435115 0.5095419847328244 0.5458015267175572 0.5057251908396947 0.4847328244274809 0.4675572519083969 0.3969465648854962 0.4255725190839695 0.3530534351145038 0.3377862595419847 0.3015267175572519 0.3244274809160305 0.2881679389312977 0.31297709923664124 0.2538167938931298 0.2958015267175573 0.3148854961832061
1 0.17748091603053434 0.4599236641221374 0.17557251908396945 0.4770992366412214 0.20419847328244276 0.5190839694656488 0.31297709923664124 0.5305343511450382 0.41603053435114506 0.5629770992366412 0.41412213740458015 0.5553435114503816 0.40076335877862596 0.5553435114503816 0.34541984732824427 0.5267175572519084 0.2862595419847328 0.46946564885496184 0.2366412213740458 0.4541984732824427
1 0.009541984732824428 0.5133587786259542 0.03625954198473282 0.5458015267175572 0.08969465648854962 0.5763358778625954 0.21183206106870228 0.6068702290076335 0.40458015267175573 0.6087786259541985 0.4389312977099237 0.6030534351145038 0.4713740458015267 0.5877862595419847 0.45610687022900764 0.5744274809160306 0.28435114503816794 0.5286259541984732
1 0.49427480916030536 0.3893129770992366 0.4961832061068702 0.44656488549618323 0.5152671755725191 0.49236641221374045 0.5687022900763359 0.42366412213740456 0.6335877862595419 0.37595419847328243 0.6062347328244274 0.3390591603053435 0.5629770992366412 0.3053435114503817 0.5534351145038168 0.32061068702290074 0.5248091603053435 0.33969465648854963
1 0.5190839694656488 0.4904580152671756 0.5152671755725191 0.5534351145038168 0.5458015267175572 0.5687022900763359 0.6202290076335878 0.5629770992366412 0.732824427480916 0.5248091603053435 0.7748091603053435 0.4847328244274809 0.816793893129771 0.40076335877862596 0.833969465648855 0.3568702290076336 0.8320610687022901 0.3320610687022901 0.8454198473282443 0.2919847328244275 0.8072519083969466 0.32061068702290074 0.7080152671755725 0.3473282442748092 0.6125954198473282 0.39122137404580154 0.5572519083969466 0.43702290076335876
1 0.25572519083969464 0.7251908396946565 0.25763358778625955 0.7480916030534351 0.29961832061068705 0.8034351145038168 0.41412213740458015 0.7595419847328244 0.4351145038167939 0.7576335877862596 0.46946564885496184 0.7366412213740458 0.46946564885496184 0.7251908396946565 0.49427480916030536 0.6965648854961832 0.48091603053435117 0.6583969465648855 0.4847328244274809 0.5973282442748091 0.4599236641221374 0.5973282442748091 0.3435114503816794 0.6450381679389313 0.28053435114503816 0.6908396946564885
1 0.48282442748091603 0.6202290076335878 0.48854961832061067 0.6774809160305344 0.5019083969465649 0.6984732824427481 0.5362595419847328 0.7251908396946565 0.5763358778625954 0.7442748091603053 0.6278625954198473 0.7557251908396947 0.6469465648854962 0.75 0.6622137404580153 0.732824427480916 0.6641221374045801 0.7099236641221374 0.6354961832061069 0.6755725190839694 0.4961832061068702 0.5992366412213741 0.4866412213740458 0.6049618320610687
1 0.5286259541984732 0.5858778625954199 0.5248091603053435 0.5954198473282443 0.5591603053435115 0.5973282442748091 0.601145038167939 0.6106870229007634 0.6603053435114504 0.6106870229007634 0.7862595419847328 0.5916030534351145 0.833969465648855 0.566793893129771 0.8110687022900763 0.5534351145038168 0.8015267175572519 0.5381679389312977 0.7843511450381679 0.5362595419847328 0.7175572519083969 0.5438931297709924
1 0.5248091603053435 0.5954198473282443 0.5209923664122137 0.6030534351145038 0.5305343511450382 0.6164122137404581 0.6125954198473282 0.6622137404580153 0.6927480916030534 0.6870229007633588 0.7614503816793893 0.6984732824427481 0.8664122137404581 0.6984732824427481 0.933206106870229 0.6889312977099237 0.9427480916030534 0.6812977099236641 0.916030534351145 0.6603053435114504 0.7900763358778626 0.6278625954198473 0.6889312977099237 0.6106870229007634 0.601145038167939 0.6125954198473282 0.5648854961832062 0.5992366412213741
1 0.5190839694656488 0.7786259541984732 0.5095419847328244 0.7843511450381679 0.5610687022900763 0.7786259541984732 0.5419847328244275 0.7767175572519084 0.5400763358778626 0.7690839694656488
1 0.3053435114503817 0.8110687022900763 0.30916030534351147 0.8206106870229007 0.4217557251908397 0.8129770992366412 0.4599236641221374 0.7958015267175572 0.49236641221374045 0.7958015267175572 0.5057251908396947 0.7862595419847328 0.5076335877862596 0.7690839694656488 0.5209923664122137 0.7614503816793893
0 0.009541984732824428 0.5629770992366412 0 0.5820610687022901 0 0.6507633587786259 0.030534351145038167 0.6870229007633588 0.05916030534351145 0.6603053435114504 0.1431297709923664 0.7213740458015268 0.16603053435114504 0.75 0.1946564885496183 0.7557251908396947 0.23282442748091603 0.7442748091603053 0.22519083969465647 0.666030534351145 0.1965648854961832 0.6087786259541985 0.11068702290076336 0.5877862595419847 0.02862595419847328 0.5438931297709924
0 0.03244274809160305 0.7041984732824428 0.03435114503816794 0.7385496183206107 0.07061068702290077 0.7748091603053435 0.14885496183206107 0.799618320610687 0.17748091603053434 0.7958015267175572 0.14694656488549618 0.732824427480916 0.05725190839694656 0.6603053435114504
0 0.003816793893129771 0.767175572519084 0.0019083969465648854 0.7824427480916031 0.022900763358778626 0.7881679389312977 0.04198473282442748 0.8091603053435115 0.061068702290076333 0.816793893129771 0.14122137404580154 0.8206106870229007 0.16030534351145037 0.8053435114503816 0.15648854961832062 0.799618320610687 0.04007633587786259 0.7824427480916031
0 0.3244274809160305 0.22900763358778625 0.32251908396946566 0.2595419847328244 0.3320610687022901 0.2919847328244275 0.42938931297709926 0.3530534351145038 0.48282442748091603 0.4064885496183206 0.5095419847328244 0.3416030534351145 0.5057251908396947 0.29770992366412213 0.48854961832061067 0.27099236641221375 0.42748091603053434 0.22328244274809161 0.3416030534351145 0.19274809160305342
0 0.20038167938931298 0.25763358778625955 0.20610687022900764 0.34541984732824427 0.2385496183206107 0.3969465648854962 0.26145038167938933 0.4064885496183206 0.2633587786259542 0.37595419847328243 0.29389312977099236 0.30343511450381677 0.23282442748091603 0.28053435114503816
0 0.6450381679389313 0.2862595419847328 0.6374045801526718 0.31679389312977096 0.6240458015267175 0.3187022900763359 0.6221374045801527 0.3282442748091603 0.6106870229007634 0.33396946564885494 0.6393129770992366 0.37404580152671757 0.7080152671755725 0.3435114503816794 0.7958015267175572 0.32251908396946566 0.8148854961832062 0.30916030534351147 0.8416030534351145 0.31297709923664124 0.8377862595419847 0.3301526717557252 0.8454198473282443 0.3416030534351145 0.9217557251908397 0.27099236641221375 0.9427480916030534 0.22709923664122136 0.9465648854961832 0.16603053435114504 0.9427480916030534 0.15839694656488548 0.9293893129770993 0.17557251908396945 0.8091603053435115 0.20229007633587787
0 0.7423664122137404 0.5209923664122137 0.7423664122137404 0.5286259541984732 0.7729007633587787 0.5286259541984732 0.8492366412213741 0.517175572519084 0.9580152671755725 0.4770992366412214 0.9980916030534351 0.46946564885496184 0.9770992366412213 0.4751908396946565 0.933206106870229 0.4618320610687023 0.7900763358778626 0.4599236641221374 0.7767175572519084 0.4904580152671756
0 0.5381679389312977 0.2919847328244275 0.5362595419847328 0.3244274809160305 0.5553435114503816 0.31297709923664124 0.5954198473282443 0.3244274809160305 0.6221374045801527 0.2958015267175573 0.6240458015267175 0.2748091603053435 0.6068702290076335 0.25763358778625955 0.5782442748091603 0.25 0.5477099236641222 0.27099236641221375
0 0.009541984732824428 0.18893129770992367 0 0.19083969465648856 0 0.41412213740458015 0.0648854961832061 0.3893129770992366 0.10305343511450382 0.3530534351145038 0.0916030534351145 0.2958015267175573 0.06870229007633588 0.2538167938931298 0.09351145038167939 0.23282442748091603 0.02099236641221374 0.23282442748091603 0.0019083969465648854 0.20801526717557253 0.003816793893129771 0.1984732824427481 0.015267175572519083 0.19274809160305342
0 0.8893129770992366 0.5629770992366412 0.8874045801526718 0.5916030534351145 0.8969465648854962 0.6106870229007634 0.9389312977099237 0.6450381679389313 0.9637404580152672 0.6507633587786259 0.9885496183206107 0.6202290076335878 0.9790076335877863 0.5973282442748091 0.9446564885496184 0.5725190839694656 0.9007633587786259 0.5572519083969466
0 0.8740458015267175 0.700381679389313 0.8702290076335878 0.7366412213740458 0.8797709923664122 0.7709923664122137 0.9236641221374046 0.8034351145038168 0.9980916030534351 0.8320610687022901 0.9980916030534351 0.7614503816793893 0.9809160305343512 0.7576335877862596 0.916030534351145 0.6984732824427481
0 0.8416030534351145 0.7385496183206107 0.8377862595419847 0.7595419847328244 0.8473282442748091 0.7748091603053435 0.8454198473282443 0.7958015267175572 0.8606870229007634 0.8396946564885496 0.9274809160305344 0.9236641221374046 0.9561068702290076 0.9446564885496184 0.9885496183206107 0.950381679389313 0.8931297709923665 0.8320610687022901