1 0.003816793893129771 0.6984732824427481 0 0.9007633587786259 0.015267175572519083 0.9045801526717557 0.18129770992366412 0.8320610687022901 0.30725190839694655 0.7404580152671756 0.33969465648854963 0.7099236641221374 0.39122137404580154 0.6412213740458015 0.3988549618320611 0.5477099236641222 0.29961832061068705 0.5553435114503816 0.17557251908396945 0.5896946564885496 0.08206106870229007 0.6354961832061069
1 0.40458015267175573 0.5591603053435115 0.40076335877862596 0.6297709923664122 0.5610687022900763 0.6221374045801527 0.5687022900763359 0.5954198473282443 0.5534351145038168 0.5419847328244275 0.5343511450381679 0.3549618320610687 0.5133587786259542 0.3606870229007634 0.4866412213740458 0.38549618320610685 0.42938931297709926 0.47900763358778625
1 0.13740458015267176 0.4770992366412214 0.12213740458015267 0.5515267175572519 0.08015267175572519 0.5801526717557252 0.12022900763358779 0.566793893129771 0.1717557251908397 0.5687022900763359 0.20419847328244276 0.5553435114503816 0.22900763358778625 0.5553435114503816 0.28053435114503816 0.5324427480916031 0.4541984732824427 0.4312977099236641 0.4675572519083969 0.4198473282442748 0.4847328244274809 0.383587786259542 0.5114503816793893 0.3606870229007634 0.48282442748091603 0.34923664122137404 0.3950381679389313 0.3530534351145038 0.23473282442748092 0.3931297709923664 0.19274809160305342 0.41412213740458015
1 0.003816793893129771 0.3549618320610687 0 0.366412213740458 0.15839694656488548 0.3606870229007634 0.31297709923664124 0.3683206106870229 0.38549618320610685 0.3511450381679389 0.4389312977099237 0.3473282442748092 0.3988549618320611 0.32251908396946566 0.34541984732824427 0.30916030534351147 0.31679389312977096 0.29389312977099236 0.2881679389312977 0.29389312977099236 0.19083969465648856 0.29770992366412213 0.11641221374045801 0.3110687022900763
1 0.3282442748091603 0.28053435114503816 0.3244274809160305 0.2900763358778626 0.33396946564885494 0.3015267175572519 0.38549618320610685 0.3148854961832061 0.4446564885496183 0.3435114503816794 0.4618320610687023 0.3416030534351145 0.4484732824427481 0.3187022900763359 0.45038167938931295 0.30343511450381677 0.4713740458015267 0.2958015267175573 0.5248091603053435 0.33587786259541985 0.5248091603053435 0.2862595419847328 0.4866412213740458 0.23091603053435114 0.46946564885496184 0.21755725190839695 0.44656488549618323 0.21946564885496184 0.4083969465648855 0.2480916030534351 0.34923664122137404 0.2652671755725191
1 0.5534351145038168 0.33396946564885494 0.5534351145038168 0.34541984732824427 0.6316793893129771 0.3530534351145038 0.700381679389313 0.37404580152671757 0.8110687022900763 0.4389312977099237 0.8492366412213741 0.4751908396946565 0.8549618320610687 0.4961832061068702 0.8358778625954199 0.5438931297709924 0.8129770992366412 0.5591603053435115 0.8587786259541985 0.5572519083969466 0.8702290076335878 0.46946564885496184 0.8645038167938931 0.42938931297709926 0.8377862595419847 0.3816793893129771 0.8129770992366412 0.3549618320610687 0.7633587786259542 0.32633587786259544 0.6965648854961832 0.30916030534351147 0.6183206106870229 0.3148854961832061
1 0.4904580152671756 0.21564885496183206 0.49236641221374045 0.2385496183206107 0.5286259541984732 0.2900763358778626 0.5305343511450382 0.3435114503816794 0.601145038167939 0.31297709923664124 0.6145038167938931 0.2862595419847328 0.6984732824427481 0.22328244274809161 0.6316793893129771 0.22328244274809161 0.5820610687022901 0.19274809160305342 0.5076335877862596 0.1984732824427481
1 0.5763358778625954 0.3549618320610687 0.5706106870229007 0.3606870229007634 0.5801526717557252 0.39122137404580154 0.5744274809160306 0.4026717557251908 0.5896946564885496 0.41603053435114506 0.648854961832061 0.3969465648854962 0.6851145038167938 0.37595419847328243 0.6545801526717557 0.37213740458015265 0.6393129770992366 0.35877862595419846
1 0.6125954198473282 0.2919847328244275 0.6202290076335878 0.31297709923664124 0.6622137404580153 0.3053435114503817 0.7461832061068703 0.31679389312977096 0.7041984732824428 0.25 0.6851145038167938 0.24236641221374045 0.6679389312977099 0.24618320610687022
1 0.12213740458015267 0.24236641221374045 0.12404580152671756 0.2633587786259542 0.16984732824427481 0.29770992366412213 0.32061068702290074 0.2919847328244275 0.33587786259541985 0.26908396946564883 0.366412213740458 0.25572519083969464 0.32633587786259544 0.2366412213740458 0.25 0.22328244274809161 0.22709923664122136 0.22328244274809161 0.18893129770992367 0.2366412213740458 0.1297709923664122 0.23282442748091603
1 0.5477099236641222 0.45038167938931295 0.5629770992366412 0.5534351145038168 0.7938931297709924 0.898854961832061 0.8396946564885496 0.9885496183206107 0.8587786259541985 0.9980916030534351 0.9732824427480916 0.9961832061068703 0.9351145038167938 0.8683206106870229 0.898854961832061 0.799618320610687 0.8950381679389313 0.7519083969465649 0.8587786259541985 0.6851145038167938 0.8091603053435115 0.6412213740458015 0.7919847328244275 0.5992366412213741 0.732824427480916 0.5286259541984732 0.6526717557251909 0.4675572519083969 0.5820610687022901 0.4389312977099237 0.5534351145038168 0.43702290076335876
0 0.007633587786259542 0.5400763358778626 0 0.5438931297709924 0 0.6679389312977099 0.04389312977099236 0.6603053435114504 0.09732824427480916 0.6221374045801527 0.20038167938931298 0.5763358778625954 0.3568702290076336 0.5419847328244275 0.3320610687022901 0.5286259541984732 0.29770992366412213 0.5267175572519084 0.2385496183206107 0.5572519083969466 0.20419847328244276 0.5591603053435115 0.1717557251908397 0.5763358778625954 0.1183206106870229 0.5744274809160306 0.10687022900763359 0.5591603053435115 0.12404580152671756 0.5209923664122137
0 0.009541984732824428 0.9790076335877863 0.007633587786259542 0.9980916030534351 0.22328244274809161 0.9961832061068703 0.3110687022900763 0.9141221374045801 0.38549618320610685 0.8072519083969466 0.42748091603053434 0.7175572519083969 0.42938931297709926 0.6469465648854962 0.3893129770992366 0.6507633587786259 0.33587786259541985 0.7194656488549618 0.20419847328244276 0.8225190839694656 0.04961832061068702 0.8950381679389313 0.022900763358778626 0.9389312977099237
0 0.4446564885496183 0.666030534351145 0.4026717557251908 0.7767175572519084 0.3549618320610687 0.8587786259541985 0.3816793893129771 0.9389312977099237 0.4122137404580153 0.8912213740458015 0.4255725190839695 0.8015267175572519 0.4446564885496183 0.7385496183206107 0.4770992366412214 0.6755725190839694 0.46564885496183206 0.6583969465648855
0 0.7538167938931297 0.5400763358778626 0.7538167938931297 0.5515267175572519 0.7888034351145039 0.5903301526717558 0.816793893129771 0.6431297709923665 0.9236641221374046 0.6622137404580153 0.9980916030534351 0.666030534351145 0.9980916030534351 0.6087786259541985 0.9312977099236641 0.5648854961832062 0.8702290076335878 0.5477099236641222 0.8492366412213741 0.566793893129771 0.816793893129771 0.5438931297709924 0.8187022900763359 0.5362595419847328
0 0.6889312977099237 0.4770992366412214 0.683206106870229 0.4847328244274809 0.7461832061068703 0.5362595419847328 0.833969465648855 0.5381679389312977 0.8473282442748091 0.5114503816793893 0.8320610687022901 0.4961832061068702 0.767175572519084 0.4751908396946565
1 0.4217557251908397 0.8263358778625954 0.41603053435114506 0.916030534351145 0.4351145038167939 0.9980916030534351 0.7595419847328244 0.9961832061068703 0.7614503816793893 0.9408396946564885 0.7404580152671756 0.8263358778625954 0.5877862595419847 0.5954198473282443 0.5744274809160306 0.5992366412213741 0.5648854961832062 0.6221374045801527 0.5057251908396947 0.6354961832061069 0.45038167938931295 0.7309160305343512