1 0.3969465648854962 0.549618320610687 0.3931297709923664 0.5801526717557252 0.4083969465648855 0.6145038167938931 0.42938931297709926 0.6431297709923665 0.4713740458015267 0.6583969465648855 0.5610687022900763 0.6297709923664122 0.5858778625954199 0.5954198473282443 0.5534351145038168 0.4389312977099237 0.5229007633587787 0.4122137404580153 0.5 0.4122137404580153 0.46946564885496184 0.4255725190839695
1 0.19274809160305342 0.4751908396946565 0.1946564885496183 0.5229007633587787 0.29389312977099236 0.5076335877862596 0.3282442748091603 0.4866412213740458 0.3377862595419847 0.45610687022900764 0.4064885496183206 0.4179389312977099 0.48282442748091603 0.38740458015267176 0.4847328244274809 0.37595419847328243 0.4484732824427481 0.3683206106870229 0.366412213740458 0.383587786259542 0.33969465648854963 0.38549618320610685 0.33396946564885494 0.3797709923664122 0.30916030534351147 0.4026717557251908 0.20229007633587787 0.45038167938931295
1 0.03625954198473282 0.3435114503816794 0.03816793893129771 0.38740458015267176 0.07633587786259542 0.4179389312977099 0.16603053435114504 0.4255725190839695 0.19274809160305342 0.4179389312977099 0.21374045801526717 0.40076335877862596 0.21564885496183206 0.366412213740458 0.22519083969465647 0.3473282442748092 0.2729007633587786 0.31297709923664124 0.30343511450381677 0.29961832061068705 0.45038167938931295 0.2958015267175573 0.4351145038167939 0.2767175572519084 0.40076335877862596 0.26908396946564883 0.22519083969465647 0.26717557251908397 0.12595419847328243 0.3015267175572519 0.08015267175572519 0.30725190839694655 0.04007633587786259 0.3301526717557252
1 0.6030534351145038 0.47900763358778625 0.6030534351145038 0.49236641221374045 0.6164122137404581 0.5114503816793893 0.6755725190839694 0.5706106870229007 0.7614503816793893 0.6240458015267175 0.8645038167938931 0.6564885496183206 0.8721374045801527 0.6164122137404581 0.8587786259541985 0.5877862595419847 0.8301526717557252 0.5553435114503816 0.6736641221374046 0.48854961832061067 0.6431297709923665 0.47900763358778625
1 0.5114503816793893 0.33396946564885494 0.5114503816793893 0.383587786259542 0.5343511450381679 0.4179389312977099 0.5763358778625954 0.4351145038167939 0.6068702290076335 0.4179389312977099 0.6087786259541985 0.4026717557251908 0.5992366412213741 0.3797709923664122 0.5820610687022901 0.36259541984732824 0.5267175572519084 0.3282442748091603
1 0.6106870229007634 0.33587786259541985 0.6125954198473282 0.34923664122137404 0.6641221374045801 0.36259541984732824 0.6774809160305344 0.37595419847328243 0.7041984732824428 0.4217557251908397 0.7118320610687023 0.45610687022900764 0.7290076335877863 0.4770992366412214 0.7480916030534351 0.4847328244274809 0.8473282442748091 0.49236641221374045 0.8893129770992366 0.48282442748091603 0.8950381679389313 0.4637404580152672 0.8797709923664122 0.43320610687022904 0.8129770992366412 0.3931297709923664 0.7805343511450382 0.36259541984732824 0.6603053435114504 0.3320610687022901
1 0.7900763358778626 0.3606870229007634 0.7862595419847328 0.3683206106870229 0.8148854961832062 0.3931297709923664 0.8530534351145038 0.41030534351145037 0.8931297709923665 0.4446564885496183 0.9980916030534351 0.4770992366412214 0.9961832061068703 0.4026717557251908 0.8759541984732825 0.36450381679389315
1 0.49809160305343514 0.2919847328244275 0.49236641221374045 0.3015267175572519 0.5038167938931297 0.3148854961832061 0.5438931297709924 0.30343511450381677 0.6164122137404581 0.30725190839694655 0.6354961832061069 0.31679389312977096 0.6793893129770993 0.32061068702290074 0.7824427480916031 0.3568702290076336 0.7748091603053435 0.3053435114503817 0.6564885496183206 0.2652671755725191 0.5419847328244275 0.2729007633587786
1 0.4446564885496183 0.23473282442748092 0.4484732824427481 0.27099236641221375 0.4751908396946565 0.30343511450381677 0.4847328244274809 0.30343511450381677 0.5019083969465649 0.2824427480916031 0.5362595419847328 0.26908396946564883 0.5534351145038168 0.27099236641221375 0.566793893129771 0.24618320610687022 0.5419847328244275 0.21946564885496184 0.5019083969465649 0.22709923664122136 0.4675572519083969 0.21755725190839695 0.4541984732824427 0.22137404580152673
1 0.5362595419847328 0.25190839694656486 0.5572519083969466 0.2633587786259542 0.6641221374045801 0.26908396946564883 0.6259541984732825 0.25
1 0.601145038167939 0.3473282442748092 0.6049618320610687 0.3893129770992366 0.6278625954198473 0.41603053435114506 0.6736641221374046 0.44274809160305345 0.7041984732824428 0.44083969465648853 0.7022900763358778 0.4255725190839695 0.6679389312977099 0.3683206106870229
1 0.566793893129771 0.4484732824427481 0.566793893129771 0.48091603053435117 0.5744274809160306 0.49809160305343514 0.5877862595419847 0.5038167938931297 0.601145038167939 0.49427480916030536 0.5973282442748091 0.4770992366412214 0.6335877862595419 0.4751908396946565 0.6431297709923665 0.4351145038167939 0.6354961832061069 0.42366412213740456 0.6183206106870229 0.4179389312977099
1 0.29389312977099236 0.3816793893129771 0.2919847328244275 0.3931297709923664 0.29961832061068705 0.40076335877862596 0.31679389312977096 0.39122137404580154 0.3053435114503817 0.3702290076335878
1 0.33969465648854963 0.3549618320610687 0.3377862595419847 0.36450381679389315 0.34541984732824427 0.3683206106870229 0.41412213740458015 0.3301526717557252 0.4599236641221374 0.31679389312977096 0.4179389312977099 0.31297709923664124 0.38549618320610685 0.3187022900763359
1 0.383587786259542 0.34541984732824427 0.37404580152671757 0.3511450381679389 0.37786259541984735 0.3568702290076336 0.41030534351145037 0.3702290076335878 0.4751908396946565 0.366412213740458 0.46946564885496184 0.3511450381679389 0.44083969465648853 0.33396946564885494 0.41603053435114506 0.3320610687022901
1 0.23282442748091603 0.6793893129770993 0.23282442748091603 0.7232824427480916 0.2538167938931298 0.7709923664122137 0.34541984732824427 0.7309160305343512 0.42366412213740456 0.6431297709923665 0.3893129770992366 0.5820610687022901 0.3950381679389313 0.5438931297709924 0.3530534351145038 0.5591603053435115 0.26908396946564883 0.6145038167938931
0 0.6259541984732825 0.6698473282442748 0.6164122137404581 0.6736641221374046 0.683206106870229 0.7022900763358778 0.7576335877862596 0.8129770992366412 0.7958015267175572 0.816793893129771 0.7958015267175572 0.7633587786259542 0.7729007633587787 0.7232824427480916 0.7099236641221374 0.6870229007633588 0.6507633587786259 0.6698473282442748
0 0.7576335877862596 0.6278625954198473 0.8225190839694656 0.6965648854961832 0.8377862595419847 0.7404580152671756 0.833969465648855 0.7843511450381679 0.8645038167938931 0.7824427480916031 0.8721374045801527 0.7614503816793893 0.8454198473282443 0.6984732824427481 0.8492366412213741 0.6717557251908397 0.8282442748091603 0.6507633587786259
0 0.5744274809160306 0.6679389312977099 0.566793893129771 0.7576335877862596 0.5744274809160306 0.799618320610687 0.583969465648855 0.8129770992366412 0.6278625954198473 0.8301526717557252 0.6774809160305344 0.7843511450381679 0.6812977099236641 0.7442748091603053 0.6622137404580153 0.7156488549618321 0.6202290076335878 0.6812977099236641 0.5916030534351145 0.6679389312977099
0 0.47900763358778625 0.7442748091603053 0.4732824427480916 0.7729007633587787 0.4961832061068702 0.7977099236641222 0.5305343511450382 0.8053435114503816 0.5706106870229007 0.7958015267175572 0.5629770992366412 0.75 0.5400763358778626 0.7213740458015268 0.5209923664122137 0.7156488549618321 0.49427480916030536 0.7270992366412213
0 0.0019083969465648854 0.583969465648855 0 0.7595419847328244 0.03435114503816794 0.7423664122137404 0.11450381679389313 0.7480916030534351 0.1717557251908397 0.7366412213740458 0.18893129770992367 0.7251908396946565 0.19274809160305342 0.7061068702290076 0.13931297709923665 0.6755725190839694 0.14122137404580154 0.6507633587786259 0.1965648854961832 0.6507633587786259 0.15076335877862596 0.6297709923664122 0.14885496183206107 0.6087786259541985 0.09351145038167939 0.5954198473282443 0.026717557251908396 0.5954198473282443
0 0.25 0.5744274809160306 0.2480916030534351 0.5916030534351145 0.2538167938931298 0.5954198473282443 0.2862595419847328 0.5916030534351145 0.31679389312977096 0.5648854961832062 0.32633587786259544 0.5267175572519084 0.4198473282442748 0.5019083969465649 0.4255725190839695 0.4904580152671756 0.41412213740458015 0.48282442748091603 0.3702290076335878 0.48282442748091603
0 0.007633587786259542 0.3931297709923664 0 0.4198473282442748 0 0.4675572519083969 0.01717557251908397 0.47900763358778625 0.03244274809160305 0.47900763358778625 0.08396946564885496 0.44083969465648853 0.08587786259541985 0.42748091603053434 0.03435114503816794 0.3893129770992366 0.02862595419847328 0.37404580152671757 0.01717557251908397 0.37404580152671757