1 0.022900763358778626 0.27099236641221375 0.02099236641221374 0.3549618320610687 0.06297709923664122 0.4312977099236641 0.11068702290076336 0.4351145038167939 0.1431297709923664 0.42938931297709926 0.17748091603053434 0.3931297709923664 0.18702290076335878 0.35877862595419846 0.183206106870229 0.28435114503816794 0.21755725190839695 0.2099236641221374 0.24427480916030533 0.18129770992366412 0.2776717557251908 0.16412213740458015 0.31297709923664124 0.15458015267175573 0.38549618320610685 0.15267175572519084 0.38549618320610685 0.1316793893129771 0.3568702290076336 0.11259541984732824 0.3148854961832061 0.10687022900763359 0.22519083969465647 0.11641221374045801 0.1984732824427481 0.11259541984732824 0.14694656488549618 0.15839694656488548 0.05916030534351145 0.20038167938931298 0.02862595419847328 0.2385496183206107
1 0.16221374045801526 0.48282442748091603 0.16412213740458015 0.601145038167939 0.2538167938931298 0.5648854961832062 0.28053435114503816 0.5324427480916031 0.29770992366412213 0.4484732824427481 0.36259541984732824 0.37404580152671757 0.40076335877862596 0.3416030534351145 0.42938931297709926 0.3301526717557252 0.42938931297709926 0.30725190839694655 0.41603053435114506 0.29961832061068705 0.366412213740458 0.30343511450381677 0.3148854961832061 0.32251908396946566 0.3053435114503817 0.33969465648854963 0.26908396946564883 0.3683206106870229 0.26145038167938933 0.36259541984732824 0.16984732824427481 0.45229007633587787
1 0.3473282442748092 0.648854961832061 0.34541984732824427 0.7194656488549618 0.3683206106870229 0.8187022900763359 0.38740458015267176 0.8606870229007634 0.4312977099236641 0.8969465648854962 0.5057251908396947 0.8244274809160306 0.5248091603053435 0.7519083969465649 0.49809160305343514 0.4713740458015267 0.48854961832061067 0.4198473282442748 0.46946564885496184 0.3893129770992366 0.44083969465648853 0.3893129770992366 0.4255725190839695 0.3969465648854962 0.4122137404580153 0.41603053435114506
1 0.4446564885496183 0.21755725190839695 0.4541984732824427 0.34923664122137404 0.4675572519083969 0.3816793893129771 0.5114503816793893 0.4217557251908397 0.5267175572519084 0.40458015267175573 0.5362595419847328 0.37786259541984735 0.5286259541984732 0.30916030534351147 0.4618320610687023 0.20801526717557253
1 0.5362595419847328 0.23091603053435114 0.5324427480916031 0.2366412213740458 0.5477099236641222 0.25572519083969464 0.5706106870229007 0.2595419847328244 0.5877862595419847 0.2786259541984733 0.6240458015267175 0.3931297709923664 0.6297709923664122 0.46564885496183206 0.6526717557251909 0.5114503816793893 0.6927480916030534 0.5324427480916031 0.7748091603053435 0.5515267175572519 0.7977099236641222 0.5209923664122137 0.799618320610687 0.4751908396946565 0.7900763358778626 0.43320610687022904 0.7538167938931297 0.3702290076335878 0.7213740458015268 0.33969465648854963 0.6965648854961832 0.29770992366412213 0.6297709923664122 0.24618320610687022 0.566793893129771 0.22328244274809161 0.5438931297709924 0.22328244274809161
1 0.2786259541984733 0.32633587786259544 0.2729007633587786 0.36450381679389315 0.2786259541984733 0.3797709923664122 0.2900763358778626 0.38549618320610685 0.3015267175572519 0.3702290076335878 0.29961832061068705 0.29770992366412213 0.31297709923664124 0.2633587786259542 0.36450381679389315 0.21183206106870228 0.3950381679389313 0.20419847328244276 0.3969465648854962 0.18702290076335878 0.34923664122137404 0.1946564885496183 0.32633587786259544 0.21564885496183206 0.3187022900763359 0.2366412213740458 0.29389312977099236 0.2595419847328244 0.2881679389312977 0.30916030534351147
1 0.7232824427480916 0.29389312977099236 0.7080152671755725 0.29389312977099236 0.7137404580152672 0.32251908396946566 0.7652671755725191 0.3816793893129771 0.7958015267175572 0.44274809160305345 0.8244274809160306 0.45610687022900764 0.8969465648854962 0.517175572519084 0.9312977099236641 0.5324427480916031 0.9980916030534351 0.583969465648855 0.9732824427480916 0.47900763358778625 0.9293893129770993 0.4122137404580153 0.8625954198473282 0.34923664122137404 0.8206106870229007 0.32251908396946566 0.7767175572519084 0.3015267175572519
1 0.5458015267175572 0.26145038167938933 0.5458015267175572 0.3683206106870229 0.5553435114503816 0.4026717557251908 0.6049618320610687 0.4770992366412214 0.6183206106870229 0.4866412213740458 0.6316793893129771 0.4847328244274809 0.6221374045801527 0.3950381679389313 0.5954198473282443 0.30343511450381677 0.5744274809160306 0.26717557251908397
1 0.43320610687022904 0.14885496183206107 0.4312977099236641 0.1717557251908397 0.46946564885496184 0.15076335877862596 0.49809160305343514 0.16603053435114504 0.5381679389312977 0.16793893129770993 0.5591603053435115 0.183206106870229 0.5973282442748091 0.19274809160305342 0.6202290076335878 0.21946564885496184 0.6545801526717557 0.22709923664122136 0.6984732824427481 0.2900763358778626 0.6889312977099237 0.17557251908396945 0.6564885496183206 0.15648854961832062 0.6125954198473282 0.11259541984732824 0.5687022900763359 0.10305343511450382 0.4961832061068702 0.1049618320610687 0.4541984732824427 0.12213740458015267
1 0.3950381679389313 0.05152671755725191 0.3931297709923664 0.11641221374045801 0.41603053435114506 0.16030534351145037 0.42748091603053434 0.15076335877862596 0.4389312977099237 0.12213740458015267 0.4446564885496183 0.04389312977099236 0.4351145038167939 0.02862595419847328 0.4122137404580153 0.015267175572519083
1 0.30725190839694655 0.08969465648854962 0.3053435114503817 0.10114503816793893 0.31679389312977096 0.10305343511450382 0.32251908396946566 0.08396946564885496 0.3416030534351145 0.061068702290076333 0.3931297709923664 0.07442748091603053 0.3931297709923664 0.05725190839694656 0.3435114503816794 0.04580152671755725 0.3244274809160305 0.05725190839694656
1 0.46564885496183206 0.07442748091603053 0.4580152671755725 0.08206106870229007 0.4618320610687023 0.08969465648854962 0.5820610687022901 0.10114503816793893 0.549618320610687 0.07251908396946564 0.47900763358778625 0.06870229007633588
1 0.5419847328244275 0.5267175572519084 0.5419847328244275 0.5515267175572519 0.5572519083969466 0.5954198473282443 0.5992366412213741 0.683206106870229 0.6335877862595419 0.7347328244274809 0.7022900763358778 0.8225190839694656 0.7881679389312977 0.8778625954198473 0.7919847328244275 0.799618320610687 0.7824427480916031 0.7461832061068703 0.7480916030534351 0.6679389312977099 0.6087786259541985 0.5458015267175572 0.5744274809160306 0.5267175572519084
1 0.5248091603053435 0.5324427480916031 0.517175572519084 0.5591603053435115 0.5209923664122137 0.6125954198473282 0.549618320610687 0.6431297709923665 0.566793893129771 0.6316793893129771 0.5687022900763359 0.6202290076335878 0.5458015267175572 0.5763358778625954 0.5343511450381679 0.5305343511450382 0.549618320610687 0.5190839694656488 0.5858778625954199 0.5267175572519084 0.5973282442748091 0.5114503816793893 0.5992366412213741 0.4732824427480916 0.5877862595419847 0.46564885496183206 0.5610687022900763 0.47900763358778625
1 0.1965648854961832 0.9217557251908397 0.19274809160305342 0.9980916030534351 0.3110687022900763 0.9980916030534351 0.37213740458015265 0.8530534351145038 0.34541984732824427 0.7385496183206107 0.3416030534351145 0.6679389312977099 0.32061068702290074 0.683206106870229 0.2595419847328244 0.7576335877862596 0.22900763358778625 0.8072519083969466
1 0.6946564885496184 0.8396946564885496 0.6927480916030534 0.8473282442748091 0.7633587786259542 0.9980916030534351 0.7938931297709924 0.9980916030534351 0.7900763358778626 0.9580152671755725 0.7538167938931297 0.8816793893129771 0.7232824427480916 0.8454198473282443
1 0.22137404580152673 0.7519083969465649 0.21755725190839695 0.7958015267175572 0.22709923664122136 0.8110687022900763 0.24618320610687022 0.7729007633587787 0.3002538167938931 0.648854961832061 0.3282442748091603 0.6583969465648855 0.31679389312977096 0.6374045801526718 0.3377862595419847 0.6278625954198473 0.3568702290076336 0.6030534351145038 0.366412213740458 0.5629770992366412 0.3320610687022901 0.5763358778625954 0.29770992366412213 0.6374045801526718 0.2538167938931298 0.6851145038167938
1 0.666030534351145 0.5286259541984732 0.6545801526717557 0.5343511450381679 0.6774809160305344 0.583969465648855 0.7251908396946565 0.6354961832061069 0.7557251908396947 0.6526717557251909 0.7595419847328244 0.6202290076335878 0.7442748091603053 0.5763358778625954 0.7156488549618321 0.5477099236641222
0 0.003816793893129771 0.40458015267175573 0 0.583969465648855 0.02099236641221374 0.5935114503816794 0.07061068702290077 0.5209923664122137 0.08778625954198473 0.4389312977099237 0.07061068702290077 0.44083969465648853 0.05916030534351145 0.4312977099236641 0.03435114503816794 0.3893129770992366
0 0.03816793893129771 0.8797709923664122 0.02862595419847328 0.8950381679389313 0 0.8874045801526718 0 0.9198473282442748 0.07824427480916031 0.9389312977099237 0.16603053435114504 0.9484732824427481 0.15458015267175573 0.9312977099236641 0.10114503816793893 0.8969465648854962
0 0.015267175572519083 0.8435114503816794 0.015267175572519083 0.8606870229007634 0.03244274809160305 0.8835877862595419 0.04198473282442748 0.8759541984732825 0.08778625954198473 0.8931297709923665 0.12213740458015267 0.8835877862595419 0.07251908396946564 0.851145038167939
0 0.0019083969465648854 0.9236641221374046 0 0.9980916030534351 0.10877862595419847 0.9980916030534351 0.05916030534351145 0.950381679389313