1 0.04389312977099236 0.6603053435114504 0.03435114503816794 0.7061068702290076 0.04198473282442748 0.7080152671755725 0.11068702290076336 0.6851145038167938 0.16030534351145037 0.6774809160305344 0.2881679389312977 0.6259541984732825 0.3320610687022901 0.5229007633587787 0.37404580152671757 0.4751908396946565 0.27099236641221375 0.49809160305343514 0.1717557251908397 0.5381679389312977 0.08778625954198473 0.5935114503816794 0.06297709923664122 0.6202290076335878
1 0.29770992366412213 0.6106870229007634 0.2900763358778626 0.6564885496183206 0.33587786259541985 0.7080152671755725 0.36259541984732824 0.7194656488549618 0.4026717557251908 0.7232824427480916 0.44274809160305345 0.6927480916030534 0.4599236641221374 0.6622137404580153 0.49809160305343514 0.6221374045801527 0.5019083969465649 0.6068702290076335 0.46946564885496184 0.45229007633587787 0.45610687022900764 0.43320610687022904 0.4122137404580153 0.4484732824427481 0.36259541984732824 0.4904580152671756 0.32061068702290074 0.549618320610687
1 0.0019083969465648854 0.37213740458015265 0.003816793893129771 0.40076335877862596 0.05534351145038168 0.4217557251908397 0.09732824427480916 0.42938931297709926 0.1736641221374046 0.43320610687022904 0.45038167938931295 0.42366412213740456 0.4446564885496183 0.4122137404580153 0.3816793893129771 0.38740458015267176 0.3797709923664122 0.37595419847328243 0.36450381679389315 0.38549618320610685 0.35877862595419846 0.3606870229007634 0.26908396946564883 0.366412213740458 0.16412213740458015 0.34923664122137404 0.10114503816793893 0.34923664122137404
1 0.5209923664122137 0.37213740458015265 0.5229007633587787 0.4179389312977099 0.549618320610687 0.45610687022900764 0.5763358778625954 0.4770992366412214 0.6221374045801527 0.4866412213740458 0.6240458015267175 0.45229007633587787 0.5477099236641222 0.3816793893129771
1 0.5534351145038168 0.37595419847328243 0.5534351145038168 0.38549618320610685 0.5992366412213741 0.42938931297709926 0.7366412213740458 0.383587786259542 0.7958015267175572 0.3797709923664122 0.8034351145038168 0.34923664122137404 0.8664122137404581 0.3797709923664122 0.9847328244274809 0.37786259541984735 0.9980916030534351 0.37404580152671757 0.9980916030534351 0.3148854961832061 0.9656488549618321 0.29961832061068705 0.9255725190839694 0.2919847328244275 0.8797709923664122 0.2919847328244275 0.8148854961832062 0.3053435114503817 0.7480916030534351 0.3053435114503817 0.6259541984732825 0.33587786259541985
1 0.7805343511450382 0.32061068702290074 0.7748091603053435 0.3320610687022901 0.7633587786259542 0.33396946564885494 0.7652671755725191 0.3530534351145038 0.8263358778625954 0.4122137404580153 0.8664122137404581 0.4751908396946565 0.8893129770992366 0.4904580152671756 0.9026717557251909 0.4541984732824427 0.8912213740458015 0.4122137404580153 0.8664122137404581 0.3816793893129771 0.8129770992366412 0.3530534351145038 0.7900763358778626 0.32061068702290074
0 0.49236641221374045 0.5477099236641222 0.5038167938931297 0.6183206106870229 0.4866412213740458 0.6431297709923665 0.5038167938931297 0.6679389312977099 0.5591603053435115 0.7099236641221374 0.566793893129771 0.7270992366412213 0.5896946564885496 0.6927480916030534 0.6221374045801527 0.666030534351145 0.6297709923664122 0.6316793893129771 0.6202290076335878 0.5992366412213741 0.566793893129771 0.549618320610687 0.5400763358778626 0.5362595419847328 0.5076335877862596 0.5324427480916031
0 0.549618320610687 0.5038167938931297 0.549618320610687 0.5190839694656488 0.5706106870229007 0.5534351145038168 0.6068702290076335 0.5858778625954199 0.6965648854961832 0.6354961832061069 0.732824427480916 0.6431297709923665 0.7461832061068703 0.6374045801526718 0.7309160305343512 0.583969465648855 0.6812977099236641 0.5362595419847328 0.5935114503816794 0.5019083969465649
1 0.6297709923664122 0.4446564885496183 0.6297709923664122 0.4847328244274809 0.7022900763358778 0.5267175572519084 0.7767175572519084 0.5572519083969466 0.8816793893129771 0.5801526717557252 0.9980916030534351 0.5782442748091603 0.9751908396946565 0.5381679389312977 0.8950381679389313 0.4961832061068702 0.7633587786259542 0.4618320610687023
0 0.3473282442748092 0.22328244274809161 0.33396946564885494 0.2729007633587786 0.3377862595419847 0.32061068702290074 0.3511450381679389 0.34923664122137404 0.383587786259542 0.3702290076335878 0.3931297709923664 0.3893129770992366 0.4484732824427481 0.41030534351145037 0.4618320610687023 0.42748091603053434 0.4961832061068702 0.4389312977099237 0.49809160305343514 0.3988549618320611 0.4866412213740458 0.3549618320610687 0.5 0.34541984732824427 0.517175572519084 0.3549618320610687 0.5057251908396947 0.31679389312977096 0.46946564885496184 0.2786259541984733 0.40458015267175573 0.24236641221374045 0.3816793893129771 0.21755725190839695
0 0.02099236641221374 0.22137404580152673 0 0.22900763358778625 0 0.3702290076335878 0.0916030534351145 0.34541984732824427 0.10877862595419847 0.31679389312977096 0.09923664122137404 0.26145038167938933 0.08206106870229007 0.22900763358778625 0.05725190839694656 0.21374045801526717
1 0.2569980916030534 0.35877862595419846 0.25063549618320613 0.33842175572519084 0.26717557251908397 0.2888034351145038 0.29643702290076335 0.264631679389313 0.30916030534351147 0.27099236641221375 0.2811698473282443 0.3027996183206107 0.29389312977099236 0.3435114503816794 0.3447843511450382 0.35877862595419846
0 0.131043893129771 0.22010114503816794 0.15139885496183206 0.2748091603053435 0.20483396946564886 0.31425000000000003 0.25445229007633585 0.3320610687022901 0.2748091603053435 0.2786259541984733 0.2989828244274809 0.2659026717557252 0.30916030534351147 0.27353625954198474 0.2824427480916031 0.31043320610687025 0.29389312977099236 0.3409675572519084 0.33969465648854963 0.35623473282442747 0.3486011450381679 0.3435114503816794 0.3307881679389313 0.27099236641221375 0.2900763358778626 0.23536832061068702 0.21501335877862596 0.21119656488549618
0 0.1208645038167939 0.20229007633587787 0.08269656488549618 0.17557251908396945 0.04707442748091603 0.1183206106870229 0.0508912213740458 0.07506297709923664 0.11450381679389313 0.03180725190839695 0.18066221374045802 0.08524236641221375 0.16666603053435114 0.1450381679389313 0.13613167938931298 0.19338358778625953
0 0.18193320610687022 0.08015267175572519 0.25318129770992365 0.0508912213740458 0.33842175572519084 0.027990458015267176 0.4541984732824427 0.021627862595419847 0.547074427480916 0.03816793893129771 0.5877862595419847 0.0648854961832061 0.5979637404580154 0.07760877862595421 0.5890591603053434 0.09287595419847329 0.5139942748091604 0.11577671755725191 0.368956106870229 0.13740458015267176 0.2493645038167939 0.1323148854961832 0.1972003816793893 0.14122137404580154 0.11068702290076336 0.13994847328244275 0.12849809160305342 0.11577671755725191
0 0.16030534351145037 0.2099236641221374 0.17938931297709923 0.17557251908396945 0.22646374045801526 0.13740458015267176 0.264631679389313 0.131043893129771 0.4083969465648855 0.1297709923664122 0.37404580152671757 0.15648854961832062 0.25318129770992365 0.1984732824427481 0.22646374045801526 0.21119656488549618
0 0.5114503816793893 0.16984732824427481 0.5095419847328244 0.22137404580152673 0.5229007633587787 0.25763358778625955 0.5744274809160306 0.24427480916030533 0.6145038167938931 0.22137404580152673 0.6507633587786259 0.19083969465648856 0.6698473282442748 0.16030534351145037 0.6622137404580153 0.12786259541984732 0.6717557251908397 0.04580152671755725 0.6469465648854962 0.04198473282442748 0.6068702290076335 0.061068702290076333 0.5896946564885496 0.08396946564885496 0.5419847328244275 0.1183206106870229
0 0.6717557251908397 0.07061068702290077 0.6679389312977099 0.13549618320610687 0.6774809160305344 0.16603053435114504 0.7080152671755725 0.1965648854961832 0.7118320610687023 0.21755725190839695 0.7748091603053435 0.15267175572519084 0.7843511450381679 0.12786259541984732 0.7824427480916031 0.08969465648854962 0.7576335877862596 0.04389312977099236 0.7194656488549618 0 0.6984732824427481 0
0 0.7729007633587787 0.03625954198473282 0.767175572519084 0.05725190839694656 0.7843511450381679 0.08778625954198473 0.7862595419847328 0.1316793893129771 0.7709923664122137 0.16030534351145037 0.8492366412213741 0.21374045801526717 0.8893129770992366 0.14885496183206107 0.8950381679389313 0.1297709923664122 0.8912213740458015 0.0916030534351145 0.8606870229007634 0.04198473282442748 0.8148854961832062 0 0.799618320610687 0
0 0.8625954198473282 0.22519083969465647 0.8625954198473282 0.23091603053435114 0.9980916030534351 0.2480916030534351 0.9980916030534351 0.20229007633587787
0 0.8854961832061069 0.3931297709923664 0.9045801526717557 0.4580152671755725 0.898854961832061 0.47900763358778625 0.9637404580152672 0.46564885496183206 0.9980916030534351 0.4484732824427481 0.9980916030534351 0.41412213740458015 0.9446564885496184 0.3988549618320611
0 0.6335877862595419 0.42748091603053434 0.6240458015267175 0.44083969465648853 0.7442748091603053 0.45610687022900764 0.8683206106870229 0.48282442748091603 0.8225190839694656 0.41030534351145037 0.799618320610687 0.3931297709923664