1 0.3606870229007634 0.2729007633587786 0.35877862595419846 0.36450381679389315 0.3702290076335878 0.38740458015267176 0.4751908396946565 0.5095419847328244 0.517175572519084 0.5019083969465649 0.5534351145038168 0.4599236641221374 0.5591603053435115 0.44274809160305345 0.5591603053435115 0.39122137404580154 0.5400763358778626 0.3187022900763359 0.47900763358778625 0.26717557251908397 0.3969465648854962 0.22900763358778625 0.38549618320610685 0.21564885496183206
1 0.549618320610687 0.3377862595419847 0.5610687022900763 0.38549618320610685 0.5629770992366412 0.43702290076335876 0.5324427480916031 0.4866412213740458 0.5324427480916031 0.49809160305343514 0.5782442748091603 0.4770992366412214 0.6297709923664122 0.43702290076335876 0.6507633587786259 0.4026717557251908 0.6564885496183206 0.36259541984732824 0.6469465648854962 0.2919847328244275
1 0.5419847328244275 0.4866412213740458 0.5305343511450382 0.5 0.5362595419847328 0.5076335877862596 0.6049618320610687 0.5114503816793893 0.7958015267175572 0.4732824427480916 0.8740458015267175 0.4389312977099237 0.9064885496183206 0.41030534351145037 0.9236641221374046 0.3797709923664122 0.7843511450381679 0.3893129770992366 0.7213740458015268 0.40458015267175573
1 0.3015267175572519 0.4618320610687023 0.2767175572519084 0.4618320610687023 0.2919847328244275 0.4961832061068702 0.3549618320610687 0.5248091603053435 0.43320610687022904 0.5190839694656488 0.4446564885496183 0.5019083969465649 0.3950381679389313 0.47900763358778625
1 0.4026717557251908 0.45610687022900764 0.4083969465648855 0.48282442748091603 0.45038167938931295 0.48854961832061067 0.41412213740458015 0.44274809160305345
1 0.1965648854961832 0.4484732824427481 0.1851145038167939 0.4599236641221374 0.18893129770992367 0.46564885496183206 0.25572519083969464 0.5019083969465649 0.26145038167938933 0.5209923664122137 0.23091603053435114 0.5515267175572519 0.2767175572519084 0.5935114503816794 0.40458015267175573 0.6374045801526718 0.4618320610687023 0.6431297709923665 0.4732824427480916 0.6354961832061069 0.45038167938931295 0.6183206106870229 0.4389312977099237 0.5916030534351145 0.3893129770992366 0.5706106870229007 0.37595419847328243 0.5381679389312977 0.2919847328244275 0.5019083969465649 0.2824427480916031 0.4751908396946565 0.26145038167938933 0.45610687022900764 0.21564885496183206 0.44083969465648853
1 0.22328244274809161 0.7156488549618321 0.22137404580152673 0.7347328244274809 0.2366412213740458 0.7461832061068703 0.28435114503816794 0.7519083969465649 0.33969465648854963 0.7480916030534351 0.3893129770992366 0.7290076335877863 0.43320610687022904 0.6717557251908397 0.44083969465648853 0.6469465648854962 0.37213740458015265 0.6335877862595419 0.3416030534351145 0.6374045801526718 0.24236641221374045 0.6965648854961832
1 0.183206106870229 0.5572519083969466 0.17938931297709923 0.5648854961832062 0.16603053435114504 0.5629770992366412 0.17557251908396945 0.5763358778625954 0.16793893129770993 0.6125954198473282 0.18129770992366412 0.6221374045801527 0.30343511450381677 0.6450381679389313 0.32633587786259544 0.6450381679389313 0.34541984732824427 0.6335877862595419 0.34541984732824427 0.6259541984732825 0.3015267175572519 0.6125954198473282 0.24618320610687022 0.5725190839694656 0.20610687022900764 0.5572519083969466
1 0.013358778625954198 0.4198473282442748 0.0057251908396946565 0.42366412213740456 0.04198473282442748 0.44083969465648853 0.03625954198473282 0.47900763358778625 0.026717557251908396 0.4904580152671756 0.030534351145038167 0.5 0.1717557251908397 0.566793893129771 0.18702290076335878 0.566793893129771 0.1984732824427481 0.5553435114503816 0.2099236641221374 0.5629770992366412 0.21755725190839695 0.5209923664122137 0.20801526717557253 0.4866412213740458 0.1717557251908397 0.45038167938931295 0.10305343511450382 0.42366412213740456
1 0.9847328244274809 0.5286259541984732 0.9446564885496184 0.5477099236641222 0.9312977099236641 0.5725190839694656 0.8072519083969466 0.6106870229007634 0.6125954198473282 0.6431297709923665 0.549618320610687 0.6717557251908397 0.5248091603053435 0.6641221374045801 0.49809160305343514 0.6717557251908397 0.4732824427480916 0.6679389312977099 0.49427480916030536 0.6927480916030534 0.5267175572519084 0.700381679389313 0.5896946564885496 0.7061068702290076 0.6183206106870229 0.7061068702290076 0.6335877862595419 0.6984732824427481 0.6564885496183206 0.7061068702290076 0.7251908396946565 0.700381679389313 0.7786259541984732 0.6583969465648855 0.8129770992366412 0.6412213740458015 0.8835877862595419 0.6259541984732825 0.9980916030534351 0.5782442748091603 0.9980916030534351 0.5267175572519084
1 0.5343511450381679 0.7767175572519084 0.5400763358778626 0.8015267175572519 0.5324427480916031 0.8034351145038168 0.5324427480916031 0.8206106870229007 0.5419847328244275 0.8721374045801527 0.5610687022900763 0.8912213740458015 0.5725190839694656 0.8874045801526718 0.6030534351145038 0.9179389312977099 0.7061068702290076 0.9561068702290076 0.7194656488549618 0.9522900763358778 0.7270992366412213 0.9599236641221374 0.7900763358778626 0.9675572519083969 0.851145038167939 0.9580152671755725 0.8454198473282443 0.9446564885496184 0.8015267175572519 0.916030534351145 0.7824427480916031 0.8778625954198473 0.6431297709923665 0.8110687022900763 0.6335877862595419 0.8206106870229007 0.6183206106870229 0.8053435114503816
1 0.5286259541984732 0.7290076335877863 0.5209923664122137 0.732824427480916 0.5248091603053435 0.7614503816793893 0.5458015267175572 0.799618320610687 0.5820610687022901 0.8034351145038168 0.6183206106870229 0.8244274809160306 0.6240458015267175 0.816793893129771 0.6393129770992366 0.8206106870229007 0.7900763358778626 0.9007633587786259 0.816793893129771 0.8969465648854962 0.8301526717557252 0.8874045801526718 0.8301526717557252 0.8759541984732825 0.7843511450381679 0.8263358778625954 0.7061068702290076 0.7729007633587787 0.5954198473282443 0.7347328244274809
1 0.5534351145038168 0.9236641221374046 0.5534351145038168 0.9370229007633588 0.5648854961832062 0.9522900763358778 0.5591603053435115 0.9675572519083969 0.6374045801526718 0.9446564885496184 0.6374045801526718 0.9370229007633588 0.5954198473282443 0.9179389312977099
1 0.25763358778625955 0.9656488549618321 0.25 0.9694656488549618 0.45610687022900764 0.9809160305343512 0.5400763358778626 0.9732824427480916 0.5438931297709924 0.9561068702290076 0.5362595419847328 0.9293893129770993 0.5209923664122137 0.9274809160305344 0.3320610687022901 0.9561068702290076 0.2900763358778626 0.9561068702290076
1 0.8396946564885496 0.8912213740458015 0.833969465648855 0.898854961832061 0.8435114503816794 0.9179389312977099 0.8797709923664122 0.9522900763358778 0.9026717557251909 0.9580152671755725 0.9732824427480916 0.9522900763358778 0.8931297709923665 0.9026717557251909
0 0.011450381679389313 0.5916030534351145 0 0.5954198473282443 0 0.683206106870229 0.019083969465648856 0.6908396946564885 0.07633587786259542 0.6641221374045801 0.09732824427480916 0.6622137404580153 0.15839694656488548 0.6278625954198473 0.16603053435114504 0.6183206106870229 0.16984732824427481 0.5763358778625954 0.1431297709923664 0.5610687022900763
0 0.02480916030534351 0.5133587786259542 0 0.5133587786259542 0 0.5820610687022901 0.05725190839694656 0.5610687022900763 0.0916030534351145 0.5362595419847328 0.06679389312977099 0.5209923664122137
0 0.003816793893129771 0.8606870229007634 0.003816793893129771 0.982824427480916 0.10877862595419847 0.9179389312977099 0.17938931297709923 0.851145038167939 0.1965648854961832 0.8091603053435115 0.19083969465648856 0.7442748091603053 0.14885496183206107 0.7652671755725191 0.08015267175572519 0.8225190839694656
0 0.1183206106870229 0.732824427480916 0 0.7767175572519084 0 0.8549618320610687 0.08206106870229007 0.8187022900763359 0.15076335877862596 0.7633587786259542 0.17557251908396945 0.7519083969465649 0.16793893129770993 0.7309160305343512
0 0.8301526717557252 0.7633587786259542 0.8225190839694656 0.7748091603053435 0.833969465648855 0.7786259541984732 0.8912213740458015 0.7748091603053435 0.9522900763358778 0.7595419847328244 0.9942748091603053 0.7404580152671756 0.9980916030534351 0.666030534351145 0.9083969465648855 0.6946564885496184
0 0.7862595419847328 0.6564885496183206 0.7519083969465649 0.6870229007633588 0.7022900763358778 0.7080152671755725 0.7232824427480916 0.7461832061068703 0.7347328244274809 0.7538167938931297 0.767175572519084 0.7538167938931297 0.799618320610687 0.7309160305343512 0.8148854961832062 0.7080152671755725 0.8244274809160306 0.6698473282442748 0.8206106870229007 0.6545801526717557 0.8034351145038168 0.648854961832061
0 0.7977099236641222 0.7385496183206107 0.7977099236641222 0.7519083969465649 0.8206106870229007 0.75 0.8645038167938931 0.7290076335877863 0.9026717557251909 0.6965648854961832 0.9045801526717557 0.6622137404580153 0.8835877862595419 0.6316793893129771 0.8244274809160306 0.6679389312977099 0.8225190839694656 0.6965648854961832
0 0.5725190839694656 0.5152671755725191 0.5744274809160306 0.5229007633587787 0.6316793893129771 0.549618320610687 0.7461832061068703 0.5744274809160306 0.8759541984732825 0.5801526717557252 0.9179389312977099 0.5687022900763359 0.8950381679389313 0.549618320610687 0.8435114503816794 0.5248091603053435 0.7519083969465649 0.49427480916030536 0.7270992366412213 0.49236641221374045
0 0.6564885496183206 0.3053435114503817 0.6564885496183206 0.38740458015267176 0.6679389312977099 0.3931297709923664 0.7232824427480916 0.3702290076335878 0.7461832061068703 0.3530534351145038 0.7977099236641222 0.28053435114503816 0.7366412213740458 0.28435114503816794
0 0.8740458015267175 0.8549618320610687 0.8702290076335878 0.8625954198473282 0.8778625954198473 0.8835877862595419 0.8912213740458015 0.898854961832061 0.9694656488549618 0.9465648854961832 0.9980916030534351 0.9561068702290076 0.9961832061068703 0.8683206106870229
0 0.24045801526717558 0.2786259541984733 0.2366412213740458 0.3301526717557252 0.25572519083969464 0.366412213740458 0.32251908396946566 0.4179389312977099 0.3549618320610687 0.42938931297709926 0.3950381679389313 0.42748091603053434 0.3549618320610687 0.36450381679389315 0.3568702290076336 0.29770992366412213 0.33396946564885494 0.29389312977099236 0.3244274809160305 0.3110687022900763 0.31679389312977096 0.3110687022900763
0 0.1316793893129771 0.35877862595419846 0.13358778625954199 0.3683206106870229 0.17557251908396945 0.3950381679389313 0.30725190839694655 0.4122137404580153 0.25190839694656486 0.36450381679389315
0 0.18702290076335878 0.3969465648854962 0.16030534351145037 0.3988549618320611 0.16030534351145037 0.40458015267175573 0.1946564885496183 0.43320610687022904 0.23091603053435114 0.4389312977099237 0.27099236641221375 0.4580152671755725 0.366412213740458 0.4713740458015267 0.3950381679389313 0.46564885496183206 0.3931297709923664 0.45610687022900764 0.3702290076335878 0.44083969465648853 0.3148854961832061 0.4179389312977099 0.25763358778625955 0.4026717557251908