1 0.26717557251908397 0.48091603053435117 0.26145038167938933 0.549618320610687 0.2786259541984733 0.6164122137404581 0.33587786259541985 0.666030534351145 0.3702290076335878 0.7099236641221374 0.5057251908396947 0.816793893129771 0.5209923664122137 0.7519083969465649 0.5534351145038168 0.7041984732824428 0.5706106870229007 0.6622137404580153 0.5801526717557252 0.6583969465648855 0.6030534351145038 0.5572519083969466 0.6068702290076335 0.4732824427480916 0.5992366412213741 0.46564885496183206 0.5954198473282443 0.4026717557251908 0.5763358778625954 0.33396946564885494 0.549618320610687 0.3053435114503817 0.4675572519083969 0.3053435114503817 0.4446564885496183 0.3244274809160305 0.3893129770992366 0.34541984732824427 0.32633587786259544 0.40458015267175573 0.31679389312977096 0.4312977099236641 0.2748091603053435 0.4637404580152672
1 0.21564885496183206 0.31679389312977096 0.18702290076335878 0.38740458015267176 0.24427480916030533 0.45610687022900764 0.26717557251908397 0.4618320610687023 0.31297709923664124 0.4255725190839695 0.3244274809160305 0.3969465648854962 0.37213740458015265 0.3606870229007634 0.4083969465648855 0.2729007633587786 0.42366412213740456 0.26145038167938933 0.4580152671755725 0.1984732824427481 0.43320610687022904 0.18702290076335878 0.37213740458015265 0.1984732824427481 0.3282442748091603 0.22519083969465647 0.2862595419847328 0.26908396946564883 0.2366412213740458 0.29389312977099236
1 0.1450381679389313 0.1316793893129771 0.1431297709923664 0.16030534351145037 0.12213740458015267 0.21374045801526717 0.1736641221374046 0.2900763358778626 0.1984732824427481 0.29961832061068705 0.22709923664122136 0.2919847328244275 0.19274809160305342 0.21374045801526717 0.20229007633587787 0.16984732824427481 0.22709923664122136 0.1431297709923664 0.25572519083969464 0.1297709923664122 0.2958015267175573 0.13931297709923665 0.3549618320610687 0.13358778625954199 0.37595419847328243 0.13740458015267176 0.4198473282442748 0.16412213740458015 0.4351145038167939 0.16412213740458015 0.41030534351145037 0.10114503816793893 0.37404580152671757 0.07633587786259542 0.31679389312977096 0.05916030534351145 0.30725190839694655 0.05916030534351145 0.2385496183206107 0.1049618320610687
1 0.3988549618320611 0.02480916030534351 0.3797709923664122 0.02480916030534351 0.3797709923664122 0.03244274809160305 0.4026717557251908 0.05343511450381679 0.4064885496183206 0.08587786259541985 0.4312977099236641 0.1431297709923664 0.4484732824427481 0.16603053435114504 0.45610687022900764 0.16603053435114504 0.4732824427480916 0.1431297709923664 0.49236641221374045 0.0916030534351145 0.5267175572519084 0.07061068702290077 0.5400763358778626 0.04961832061068702 0.5324427480916031 0.04007633587786259 0.4713740458015267 0.04198473282442748
1 0.48282442748091603 0.14694656488549618 0.48091603053435117 0.16221374045801526 0.49236641221374045 0.17938931297709923 0.5458015267175572 0.1717557251908397 0.5763358778625954 0.15839694656488548 0.6564885496183206 0.1736641221374046 0.7709923664122137 0.17748091603053434 0.8129770992366412 0.1717557251908397 0.8530534351145038 0.20038167938931298 0.9103053435114504 0.2881679389312977 0.9484732824427481 0.2786259541984733 0.9656488549618321 0.2595419847328244 0.9675572519083969 0.21374045801526717 0.9427480916030534 0.16793893129770993 0.8282442748091603 0.13740458015267176 0.6641221374045801 0.0648854961832061 0.6183206106870229 0.0648854961832061 0.5591603053435115 0.08587786259541985
1 0.5534351145038168 0.16984732824427481 0.5419847328244275 0.18893129770992367 0.5133587786259542 0.17938931297709923 0.5 0.1851145038167939 0.549618320610687 0.22328244274809161 0.5973282442748091 0.2385496183206107 0.6622137404580153 0.2824427480916031 0.6889312977099237 0.2900763358778626 0.7080152671755725 0.2767175572519084 0.6965648854961832 0.21946564885496184 0.6793893129770993 0.17748091603053434 0.6431297709923665 0.17557251908396945 0.6087786259541985 0.18893129770992367 0.5648854961832062 0.16793893129770993
1 0.40458015267175573 0.28435114503816794 0.3893129770992366 0.3377862595419847 0.42938931297709926 0.3301526717557252 0.4599236641221374 0.3015267175572519 0.4618320610687023 0.2633587786259542 0.45229007633587787 0.22328244274809161
1 0.5687022900763359 0.3110687022900763 0.5706106870229007 0.32061068702290074 0.5858778625954199 0.3301526717557252 0.5916030534351145 0.366412213740458 0.6870229007633588 0.4599236641221374 0.7519083969465649 0.4904580152671756 0.8091603053435115 0.48091603053435117 0.8225190839694656 0.4541984732824427 0.8206106870229007 0.43702290076335876 0.8301526717557252 0.42748091603053434 0.8187022900763359 0.3893129770992366 0.7767175572519084 0.37404580152671757 0.7080152671755725 0.3244274809160305 0.6736641221374046 0.3110687022900763 0.6412213740458015 0.3053435114503817
1 0.5896946564885496 0.37786259541984735 0.601145038167939 0.4255725190839695 0.6030534351145038 0.5801526717557252 0.5801526717557252 0.6603053435114504 0.6049618320610687 0.6927480916030534 0.5973282442748091 0.7061068702290076 0.5572519083969466 0.7290076335877863 0.5553435114503816 0.7614503816793893 0.5629770992366412 0.7633587786259542 0.6087786259541985 0.7595419847328244 0.6202290076335878 0.7480916030534351 0.6374045801526718 0.6717557251908397 0.6774809160305344 0.5763358778625954 0.6793893129770993 0.49236641221374045 0.6717557251908397 0.44274809160305345 0.648854961832061 0.4083969465648855 0.601145038167939 0.37595419847328243
0 0.6793893129770993 0.5152671755725191 0.6812977099236641 0.5744274809160306 0.6526717557251909 0.6335877862595419 0.6316793893129771 0.7194656488549618 0.6736641221374046 0.7767175572519084 0.7080152671755725 0.7958015267175572 0.7538167938931297 0.8091603053435115 0.7767175572519084 0.7309160305343512 0.7824427480916031 0.6469465648854962 0.7690839694656488 0.6125954198473282 0.7538167938931297 0.601145038167939 0.7461832061068703 0.5648854961832062 0.7022900763358778 0.517175572519084 0.6870229007633588 0.5095419847328244
0 0.7690839694656488 0.5706106870229007 0.7690839694656488 0.6049618320610687 0.7881679389312977 0.6583969465648855 0.799618320610687 0.6622137404580153 0.833969465648855 0.6564885496183206 0.8950381679389313 0.6297709923664122 0.9980916030534351 0.5534351145038168 0.9980916030534351 0.24427480916030533 0.9446564885496184 0.2881679389312977 0.8377862595419847 0.41030534351145037 0.8129770992366412 0.48282442748091603 0.7881679389312977 0.5076335877862596
0 0.6889312977099237 0.46564885496183206 0.683206106870229 0.46564885496183206 0.6870229007633588 0.4847328244274809 0.7194656488549618 0.49809160305343514 0.7385496183206107 0.5152671755725191 0.7824427480916031 0.5190839694656488 0.7862595419847328 0.5038167938931297 0.799618320610687 0.49427480916030536 0.7366412213740458 0.49236641221374045
0 0.6908396946564885 0.30725190839694655 0.6908396946564885 0.31679389312977096 0.7824427480916031 0.37786259541984735 0.8244274809160306 0.3931297709923664 0.8282442748091603 0.41030534351145037 0.833969465648855 0.4122137404580153 0.8645038167938931 0.37595419847328243 0.8568702290076335 0.34541984732824427 0.8129770992366412 0.30916030534351147 0.7709923664122137 0.29770992366412213