1 0.3187022900763359 0.25763358778625955 0.33587786259541985 0.3816793893129771 0.33396946564885494 0.4675572519083969 0.30916030534351147 0.6164122137404581 0.30343511450381677 0.7194656488549618 0.2824427480916031 0.8034351145038168 0.2862595419847328 0.8568702290076335 0.31297709923664124 0.8778625954198473 0.3416030534351145 0.8721374045801527 0.3683206106870229 0.8530534351145038 0.38740458015267176 0.8148854961832062 0.37213740458015265 0.7557251908396947 0.38740458015267176 0.6965648854961832 0.3950381679389313 0.5916030534351145 0.3797709923664122 0.5419847328244275 0.36259541984732824 0.5133587786259542 0.3683206106870229 0.45038167938931295 0.3950381679389313 0.41030534351145037 0.4446564885496183 0.20419847328244276 0.43702290076335876 0.13358778625954199 0.41603053435114506 0.11068702290076336 0.4064885496183206 0.10877862595419847 0.37404580152671757 0.13549618320610687 0.3377862595419847 0.18129770992366412 0.32251908396946566 0.22137404580152673
1 0.517175572519084 0.46564885496183206 0.517175572519084 0.5458015267175572 0.5305343511450382 0.5458015267175572 0.549618320610687 0.5324427480916031 0.5515267175572519 0.5229007633587787 0.5324427480916031 0.5038167938931297
1 0.46946564885496184 0.2786259541984733 0.4713740458015267 0.3683206106870229 0.49427480916030536 0.42748091603053434 0.4847328244274809 0.49427480916030536 0.5038167938931297 0.5458015267175572 0.5038167938931297 0.32061068702290074 0.47900763358778625 0.2480916030534351
1 0.49427480916030536 0.16412213740458015 0.4847328244274809 0.24045801526717558 0.5076335877862596 0.2958015267175573 0.5248091603053435 0.31297709923664124 0.517175572519084 0.4064885496183206 0.5324427480916031 0.37786259541984735 0.5534351145038168 0.28435114503816794 0.5438931297709924 0.2538167938931298 0.5400763358778626 0.17938931297709923 0.5248091603053435 0.16603053435114504
1 0.5343511450381679 0.12404580152671756 0.5305343511450382 0.15076335877862596 0.549618320610687 0.13358778625954199 0.5725190839694656 0.15267175572519084 0.566793893129771 0.23091603053435114 0.5744274809160306 0.26908396946564883 0.5744274809160306 0.3568702290076336 0.6393129770992366 0.45038167938931295 0.6221374045801527 0.40458015267175573 0.6374045801526718 0.3893129770992366 0.6564885496183206 0.33587786259541985 0.6583969465648855 0.28053435114503816 0.6335877862595419 0.16984732824427481 0.6106870229007634 0.12786259541984732 0.5858778625954199 0.1049618320610687 0.5591603053435115 0.11259541984732824 0.5458015267175572 0.10877862595419847
1 0.1984732824427481 0.5152671755725191 0.1965648854961832 0.5400763358778626 0.2099236641221374 0.5858778625954199 0.21946564885496184 0.5419847328244275 0.2366412213740458 0.5095419847328244 0.28053435114503816 0.4732824427480916 0.3015267175572519 0.4770992366412214 0.32633587786259544 0.46564885496183206 0.3301526717557252 0.4446564885496183 0.25190839694656486 0.4637404580152672 0.21183206106870228 0.4904580152671756
1 0.10877862595419847 0.6736641221374046 0.18702290076335878 0.7366412213740458 0.2633587786259542 0.7404580152671756 0.28435114503816794 0.7347328244274809 0.29770992366412213 0.7194656488549618 0.30725190839694655 0.601145038167939 0.2862595419847328 0.5896946564885496 0.21946564885496184 0.601145038167939 0.18893129770992367 0.6145038167938931
1 0.5095419847328244 0.6106870229007634 0.517175572519084 0.7137404580152672 0.5343511450381679 0.7938931297709924 0.566793893129771 0.8625954198473282 0.5954198473282443 0.9064885496183206 0.6259541984732825 0.9370229007633588 0.6507633587786259 0.9980916030534351 0.6583969465648855 0.9980916030534351 0.6755725190839694 0.8072519083969466 0.6431297709923665 0.6889312977099237 0.6125954198473282 0.6259541984732825 0.583969465648855 0.5973282442748091
1 0.40076335877862596 0.5515267175572519 0.40458015267175573 0.5629770992366412 0.4446564885496183 0.5896946564885496 0.4847328244274809 0.6431297709923665 0.5 0.5877862595419847 0.49809160305343514 0.549618320610687 0.48854961832061067 0.5419847328244275 0.45610687022900764 0.5419847328244275
1 0.5591603053435115 0.5610687022900763 0.5572519083969466 0.5820610687022901 0.5687022900763359 0.5534351145038168 0.5935114503816794 0.5419847328244275 0.6202290076335878 0.549618320610687 0.6698473282442748 0.5458015267175572 0.7404580152671756 0.5877862595419847 0.7748091603053435 0.6297709923664122 0.8110687022900763 0.6564885496183206 0.8416030534351145 0.7156488549618321 0.8721374045801527 0.7461832061068703 0.9141221374045801 0.8072519083969466 0.9198473282442748 0.7709923664122137 0.9026717557251909 0.7137404580152672 0.7938931297709924 0.6125954198473282 0.7461832061068703 0.5438931297709924 0.6812977099236641 0.5019083969465649 0.6259541984732825 0.5 0.5744274809160306 0.5286259541984732
1 0.6412213740458015 0.6622137404580153 0.6374045801526718 0.6736641221374046 0.6793893129770993 0.8110687022900763 0.7576335877862596 0.8797709923664122 0.8473282442748091 0.9389312977099237 0.9732824427480916 0.9961832061068703 0.9045801526717557 0.851145038167939 0.8721374045801527 0.7938931297709924 0.8454198473282443 0.7633587786259542 0.7748091603053435 0.6965648854961832 0.7251908396946565 0.6622137404580153 0.6812977099236641 0.6564885496183206
1 0.1450381679389313 0.9923664122137404 0.1431297709923664 0.9980916030534351 0.2366412213740458 0.9961832061068703 0.3950381679389313 0.8893129770992366 0.44083969465648853 0.8740458015267175 0.44083969465648853 0.8683206106870229 0.4312977099236641 0.8568702290076335 0.39122137404580154 0.8416030534351145 0.3282442748091603 0.8816793893129771 0.28053435114503816 0.8625954198473282 0.1946564885496183 0.933206106870229
1 0.41603053435114506 0.9484732824427481 0.41412213740458015 0.9980916030534351 0.5305343511450382 0.9980916030534351 0.5400763358778626 0.9064885496183206 0.5381679389312977 0.8721374045801527 0.5248091603053435 0.8301526717557252 0.49427480916030536 0.833969465648855 0.45610687022900764 0.8606870229007634 0.4255725190839695 0.9103053435114504
1 0.3435114503816794 0.9274809160305344 0.32633587786259544 0.9446564885496184 0.3416030534351145 0.9675572519083969 0.36450381679389315 0.9809160305343512 0.41030534351145037 0.9790076335877863 0.4179389312977099 0.9217557251908397 0.3702290076335878 0.9103053435114504
1 0.6641221374045801 0.9255725190839694 0.6622137404580153 0.9484732824427481 0.6851145038167938 0.9351145038167938 0.7175572519083969 0.8931297709923665 0.6736641221374046 0.8816793893129771
1 0.5515267175572519 0.9522900763358778 0.549618320610687 0.9770992366412213 0.5820610687022901 0.9637404580152672 0.6335877862595419 0.9561068702290076 0.5877862595419847 0.9007633587786259