1 0.33587786259541985 0.4751908396946565 0.3187022900763359 0.5114503816793893 0.37595419847328243 0.5362595419847328 0.39122137404580154 0.5572519083969466 0.3377862595419847 0.6125954198473282 0.3931297709923664 0.6297709923664122 0.3931297709923664 0.6183206106870229 0.4064885496183206 0.6030534351145038 0.4751908396946565 0.5706106870229007 0.47900763358778625 0.5477099236641222 0.5248091603053435 0.47900763358778625 0.5229007633587787 0.43702290076335876 0.5343511450381679 0.3950381679389313 0.5019083969465649 0.34541984732824427 0.45038167938931295 0.3377862595419847 0.44274809160305345 0.3549618320610687 0.41603053435114506 0.37595419847328243 0.4064885496183206 0.41603053435114506 0.37786259541984735 0.42938931297709926
1 0.5209923664122137 0.4904580152671756 0.5190839694656488 0.5076335877862596 0.5572519083969466 0.5935114503816794 0.5687022900763359 0.6412213740458015 0.6125954198473282 0.683206106870229 0.6545801526717557 0.7194656488549618 0.7270992366412213 0.7633587786259542 0.7805343511450382 0.7213740458015268 0.8053435114503816 0.6679389312977099 0.8034351145038168 0.6316793893129771 0.7881679389312977 0.6106870229007634 0.7041984732824428 0.5381679389312977 0.6450381679389313 0.5 0.5400763358778626 0.4713740458015267
1 0.5324427480916031 0.4389312977099237 0.5286259541984732 0.45610687022900764 0.5400763358778626 0.46946564885496184 0.5973282442748091 0.48282442748091603 0.6183206106870229 0.4713740458015267 0.6374045801526718 0.48091603053435117 0.75 0.49427480916030536 0.8721374045801527 0.49236641221374045 0.9599236641221374 0.4637404580152672 0.9446564885496184 0.44656488549618323 0.916030534351145 0.4351145038167939 0.8683206106870229 0.4217557251908397 0.7977099236641222 0.41412213740458015 0.6641221374045801 0.4198473282442748
1 0.6145038167938931 0.4732824427480916 0.5992366412213741 0.48282442748091603 0.7041984732824428 0.5362595419847328 0.7938931297709924 0.6125954198473282 0.8931297709923665 0.6183206106870229 0.9370229007633588 0.6278625954198473 0.8625954198473282 0.5629770992366412 0.7881679389312977 0.5190839694656488 0.7270992366412213 0.4961832061068702
1 0.5286259541984732 0.44083969465648853 0.5343511450381679 0.4675572519083969 0.5877862595419847 0.48091603053435117 0.6030534351145038 0.48282442748091603 0.6183206106870229 0.4713740458015267 0.6374045801526718 0.48091603053435117 0.7843511450381679 0.4961832061068702 0.8721374045801527 0.49236641221374045 0.9599236641221374 0.4618320610687023 0.9446564885496184 0.44656488549618323 0.9026717557251909 0.4312977099236641 0.7958015267175572 0.41412213740458015 0.6641221374045801 0.4198473282442748
1 0.4179389312977099 0.28435114503816794 0.4122137404580153 0.3053435114503817 0.4255725190839695 0.32061068702290074 0.6087786259541985 0.2881679389312977 0.6545801526717557 0.2958015267175573 0.8091603053435115 0.28053435114503816 0.9980916030534351 0.28435114503816794 0.9980916030534351 0.2595419847328244 0.9064885496183206 0.24427480916030533 0.7919847328244275 0.24427480916030533 0.7519083969465649 0.2366412213740458 0.7099236641221374 0.20801526717557253 0.6755725190839694 0.20419847328244276 0.49427480916030536 0.2480916030534351 0.4389312977099237 0.26908396946564883
1 0.13549618320610687 0.4618320610687023 0.13740458015267176 0.4770992366412214 0.16984732824427481 0.5 0.1717557251908397 0.5362595419847328 0.10877862595419847 0.5954198473282443 0.05916030534351145 0.6259541984732825 0.05916030534351145 0.6374045801526718 0.0916030534351145 0.6354961832061069 0.23282442748091603 0.5534351145038168 0.2900763358778626 0.48091603053435117 0.3301526717557252 0.44656488549618323 0.32633587786259544 0.4122137404580153 0.36450381679389315 0.3893129770992366 0.37595419847328243 0.37404580152671757 0.40076335877862596 0.3683206106870229 0.40458015267175573 0.35877862595419846 0.36259541984732824 0.3511450381679389 0.30916030534351147 0.366412213740458
1 0.026717557251908396 0.2538167938931298 0 0.25572519083969464 0 0.3606870229007634 0.06297709923664122 0.3950381679389313 0.1851145038167939 0.42938931297709926 0.3053435114503817 0.36450381679389315 0.26908396946564883 0.33396946564885494 0.1736641221374046 0.29961832061068705 0.15076335877862596 0.2824427480916031 0.09923664122137404 0.2652671755725191
1 0.05725190839694656 0.6240458015267175 0.04961832061068702 0.6335877862595419 0.10305343511450382 0.6641221374045801 0.09351145038167939 0.6984732824427481 0.06679389312977099 0.7156488549618321 0.07633587786259542 0.7175572519083969 0.15076335877862596 0.6984732824427481 0.21183206106870228 0.6736641221374046 0.2480916030534351 0.6431297709923665 0.25763358778625955 0.6087786259541985 0.24427480916030533 0.5648854961832062 0.22900763358778625 0.5553435114503816 0.15458015267175573 0.6049618320610687 0.10877862595419847 0.6259541984732825 0.06870229007633588 0.6297709923664122
1 0.03816793893129771 0.5858778625954199 0 0.6125954198473282 0 0.6431297709923665 0.04961832061068702 0.6393129770992366 0.05725190839694656 0.6202290076335878 0.12786259541984732 0.5706106870229007 0.16603053435114504 0.5286259541984732 0.1049618320610687 0.549618320610687
1 0.24236641221374045 0.549618320610687 0.2538167938931298 0.5935114503816794 0.2633587786259542 0.601145038167939 0.3377862595419847 0.5629770992366412 0.36259541984732824 0.5362595419847328 0.32061068702290074 0.517175572519084 0.3244274809160305 0.4866412213740458 0.3148854961832061 0.4847328244274809 0.2862595419847328 0.49236641221374045
1 0.16412213740458015 0 0 0 0 0.15076335877862596 0.015267175572519083 0.16030534351145037 0.03435114503816794 0.14122137404580154 0.05916030534351145 0.13549618320610687 0.12213740458015267 0.09923664122137404 0.15076335877862596 0.05725190839694656 0.16412213740458015 0.022900763358778626
1 0.061068702290076333 0.13740458015267176 0.07251908396946564 0.2480916030534351 0.16793893129770993 0.1984732824427481 0.21183206106870228 0.15839694656488548 0.25190839694656486 0.0916030534351145 0.25763358778625955 0.04770992366412214 0.24045801526717558 0 0.16793893129770993 0 0.16603053435114504 0.03435114503816794 0.12595419847328243 0.10305343511450382 0.09351145038167939 0.12595419847328243
1 0.8129770992366412 0.33969465648854963 0.8587786259541985 0.3530534351145038 0.9923664122137404 0.3473282442748092 0.9980916030534351 0.34541984732824427 0.9980916030534351 0.2881679389312977 0.9522900763358778 0.29961832061068705 0.9083969465648855 0.32251908396946566
1 0.8358778625954199 0.40458015267175573 0.833969465648855 0.41412213740458015 0.9427480916030534 0.44274809160305345 0.9599236641221374 0.44083969465648853 0.9980916030534351 0.42748091603053434 0.9980916030534351 0.3606870229007634 0.9064885496183206 0.37786259541984735
0 0.5133587786259542 0.34923664122137404 0.5114503816793893 0.3606870229007634 0.5381679389312977 0.40458015267175573 0.5305343511450382 0.4179389312977099 0.5324427480916031 0.43320610687022904 0.6106870229007634 0.4217557251908397 0.6374045801526718 0.41030534351145037 0.6793893129770993 0.37213740458015265 0.7080152671755725 0.3282442748091603 0.7137404580152672 0.2958015267175573 0.6259541984732825 0.29770992366412213
0 0.34923664122137404 0.6240458015267175 0.3473282442748092 0.6564885496183206 0.36450381679389315 0.700381679389313 0.42366412213740456 0.7442748091603053 0.44656488549618323 0.7519083969465649 0.49809160305343514 0.6717557251908397 0.5019083969465649 0.6354961832061069 0.49236641221374045 0.6183206106870229 0.45610687022900764 0.583969465648855 0.41030534351145037 0.6030534351145038 0.38549618320610685 0.6259541984732825
0 0.1851145038167939 0.6908396946564885 0.183206106870229 0.7099236641221374 0.18893129770992367 0.7137404580152672 0.26145038167938933 0.6889312977099237 0.3301526717557252 0.648854961832061 0.3435114503816794 0.6278625954198473 0.3320610687022901 0.6145038167938931 0.35877862595419846 0.5801526717557252 0.35877862595419846 0.5553435114503816 0.2633587786259542 0.6030534351145038 0.24618320610687022 0.648854961832061
0 0.06297709923664122 0.40076335877862596 0 0.40076335877862596 0 0.48854961832061067 0.061068702290076333 0.49809160305343514 0.14694656488549618 0.49427480916030536 0.1316793893129771 0.4751908396946565 0.14122137404580154 0.45229007633587787 0.1736641221374046 0.4351145038167939
0 0.23282442748091603 0.14694656488549618 0.2595419847328244 0.20229007633587787 0.3416030534351145 0.26145038167938933 0.40458015267175573 0.2900763358778626 0.44274809160305345 0.26145038167938933 0.43702290076335876 0.22900763358778625 0.3969465648854962 0.19083969465648856 0.3377862595419847 0.15267175572519084 0.29961832061068705 0.13740458015267176
0 0.2786259541984733 0.12786259541984732 0.2881679389312977 0.1431297709923664 0.31297709923664124 0.13931297709923665 0.3950381679389313 0.18702290076335878 0.4312977099236641 0.22137404580152673 0.4446564885496183 0.22137404580152673 0.44274809160305345 0.16603053435114504 0.3816793893129771 0.13358778625954199
0 0.2862595419847328 0.09541984732824428 0.4198473282442748 0.1450381679389313 0.4446564885496183 0.15076335877862596 0.45038167938931295 0.1450381679389313 0.45038167938931295 0.08778625954198473 0.36259541984732824 0.08396946564885496
0 0.46564885496183206 0.18702290076335878 0.46564885496183206 0.22519083969465647 0.4866412213740458 0.22900763358778625 0.4847328244274809 0.2099236641221374
0 0.46564885496183206 0.09541984732824428 0.4618320610687023 0.15839694656488548 0.46946564885496184 0.16984732824427481 0.6049618320610687 0.16603053435114504 0.6297709923664122 0.15648854961832062 0.6145038167938931 0.13549618320610687 0.566793893129771 0.11259541984732824 0.4770992366412214 0.0916030534351145
0 0.7767175572519084 0.15458015267175573 0.7786259541984732 0.17748091603053434 0.7938931297709924 0.18702290076335878 0.8244274809160306 0.17557251908396945 0.8492366412213741 0.15458015267175573 0.851145038167939 0.11450381679389313 0.833969465648855 0.10877862595419847 0.8091603053435115 0.1183206106870229
0 0.6374045801526718 0.14694656488549618 0.6469465648854962 0.15839694656488548 0.700381679389313 0.15458015267175573 0.7690839694656488 0.12595419847328243 0.75 0.1049618320610687 0.6641221374045801 0.12213740458015267
0 0.5553435114503816 0.10114503816793893 0.5553435114503816 0.10687022900763359 0.5992366412213741 0.1183206106870229 0.7538167938931297 0.10877862595419847 0.7194656488549618 0.08969465648854962 0.6774809160305344 0.08587786259541985 0.5973282442748091 0.08778625954198473
0 0.8645038167938931 0.13931297709923665 0.8625954198473282 0.14694656488549618 0.8816793893129771 0.16984732824427481 0.9522900763358778 0.22328244274809161 0.9904580152671756 0.2099236641221374 0.9980916030534351 0.1965648854961832 0.9980916030534351 0.13931297709923665 0.9790076335877863 0.1297709923664122 0.8854961832061069 0.12595419847328243
1 0.75 0.061068702290076333 0.7442748091603053 0.08969465648854962 0.7652671755725191 0.10687022900763359 0.8377862595419847 0.007633587786259542 0.7977099236641222 0.019083969465648856
1 0.9236641221374046 0.009541984732824428 0.9618320610687023 0.1049618320610687 0.9904580152671756 0.12595419847328243 0.9980916030534351 0.06870229007633588 0.9885496183206107 0.05152671755725191 0.9408396946564885 0.009541984732824428
1 0.851145038167939 0.03435114503816794 0.8473282442748091 0.05534351145038168 0.8606870229007634 0.06870229007633588 0.8835877862595419 0.04580152671755725 0.8874045801526718 0.007633587786259542 0.8625954198473282 0.019083969465648856