1 0.3187022900763359 0.24236641221374045 0.32061068702290074 0.29389312977099236 0.3416030534351145 0.41030534351145037 0.32061068702290074 0.5229007633587787 0.3053435114503817 0.6946564885496184 0.2824427480916031 0.799618320610687 0.2824427480916031 0.8435114503816794 0.2919847328244275 0.8625954198473282 0.3244274809160305 0.8797709923664122 0.366412213740458 0.8549618320610687 0.3797709923664122 0.8416030534351145 0.38740458015267176 0.816793893129771 0.37213740458015265 0.7557251908396947 0.38740458015267176 0.6965648854961832 0.3950381679389313 0.5916030534351145 0.36450381679389315 0.517175572519084 0.3683206106870229 0.4484732824427481 0.3950381679389313 0.41030534351145037 0.43702290076335876 0.25 0.4446564885496183 0.20610687022900764 0.44274809160305345 0.13358778625954199 0.41030534351145037 0.10687022900763359 0.37213740458015265 0.13549618320610687 0.33396946564885494 0.18702290076335878
1 0.5152671755725191 0.4637404580152672 0.5133587786259542 0.5400763358778626 0.5152671755725191 0.5458015267175572 0.5305343511450382 0.5458015267175572 0.5515267175572519 0.5305343511450382 0.5515267175572519 0.5209923664122137 0.5343511450381679 0.5057251908396947
1 0.4675572519083969 0.2862595419847328 0.46946564885496184 0.3606870229007634 0.49427480916030536 0.44274809160305345 0.48282442748091603 0.4904580152671756 0.5038167938931297 0.5477099236641222 0.5076335877862596 0.3511450381679389 0.5019083969465649 0.30916030534351147 0.47900763358778625 0.2480916030534351
1 0.49236641221374045 0.16984732824427481 0.4847328244274809 0.24236641221374045 0.5076335877862596 0.2958015267175573 0.5190839694656488 0.3568702290076336 0.517175572519084 0.4064885496183206 0.5324427480916031 0.37786259541984735 0.5534351145038168 0.28435114503816794 0.5362595419847328 0.1717557251908397 0.5 0.16221374045801526
1 0.5305343511450382 0.1316793893129771 0.5305343511450382 0.16221374045801526 0.549618320610687 0.13358778625954199 0.5629770992366412 0.13358778625954199 0.5744274809160306 0.1450381679389313 0.5706106870229007 0.3435114503816794 0.5801526717557252 0.3702290076335878 0.6393129770992366 0.45038167938931295 0.6221374045801527 0.40458015267175573 0.6412213740458015 0.383587786259542 0.6564885496183206 0.33587786259541985 0.6583969465648855 0.28053435114503816 0.6316793893129771 0.16221374045801526 0.5877862595419847 0.1049618320610687 0.5591603053435115 0.11259541984732824 0.5458015267175572 0.10877862595419847
1 0.14694656488549618 0.6431297709923665 0.10687022900763359 0.6774809160305344 0.17938931297709923 0.732824427480916 0.2652671755725191 0.7404580152671756 0.2958015267175573 0.7270992366412213 0.3053435114503817 0.5973282442748091 0.26145038167938933 0.5896946564885496 0.21946564885496184 0.601145038167939
1 0.5095419847328244 0.6106870229007634 0.517175572519084 0.7232824427480916 0.5362595419847328 0.7977099236641222 0.566793893129771 0.8625954198473282 0.5973282442748091 0.9083969465648855 0.6221374045801527 0.9312977099236641 0.6507633587786259 0.9980916030534351 0.6583969465648855 0.9980916030534351 0.6755725190839694 0.8053435114503816 0.6335877862595419 0.6641221374045801 0.6106870229007634 0.6221374045801527 0.583969465648855 0.5973282442748091
1 0.40076335877862596 0.5515267175572519 0.40458015267175573 0.5629770992366412 0.44274809160305345 0.5877862595419847 0.48282442748091603 0.6469465648854962 0.4961832061068702 0.6125954198473282 0.49809160305343514 0.549618320610687 0.4904580152671756 0.5419847328244275 0.4541984732824427 0.5419847328244275
1 0.37404580152671757 0.44274809160305345 0.37404580152671757 0.45229007633587787 0.4064885496183206 0.46564885496183206 0.43702290076335876 0.49236641221374045 0.4580152671755725 0.5324427480916031 0.4484732824427481 0.4866412213740458 0.42748091603053434 0.45229007633587787 0.4064885496183206 0.4389312977099237 0.3816793893129771 0.4351145038167939
1 0.1984732824427481 0.5190839694656488 0.20229007633587787 0.5744274809160306 0.21564885496183206 0.5935114503816794 0.20610687022900764 0.5687022900763359 0.23473282442748092 0.517175572519084 0.2900763358778626 0.4732824427480916 0.30343511450381677 0.4770992366412214 0.3282442748091603 0.4637404580152672 0.33396946564885494 0.4446564885496183 0.25190839694656486 0.4637404580152672 0.21946564885496184 0.48854961832061067
1 0.5591603053435115 0.5591603053435115 0.5572519083969466 0.5820610687022901 0.5687022900763359 0.5534351145038168 0.5877862595419847 0.5419847328244275 0.6202290076335878 0.549618320610687 0.6755725190839694 0.5477099236641222 0.7404580152671756 0.5877862595419847 0.7767175572519084 0.6316793893129771 0.8072519083969466 0.6507633587786259 0.8454198473282443 0.7213740458015268 0.9122137404580153 0.8091603053435115 0.916030534351145 0.8053435114503816 0.9198473282442748 0.7652671755725191 0.9045801526717557 0.7175572519083969 0.833969465648855 0.6431297709923665 0.7938931297709924 0.6125954198473282 0.75 0.5458015267175572 0.683206106870229 0.5019083969465649 0.6450381679389313 0.49809160305343514 0.6183206106870229 0.5019083969465649 0.5877862595419847 0.517175572519084 0.5687022900763359 0.5343511450381679
1 0.6374045801526718 0.6641221374045801 0.6793893129770993 0.8110687022900763 0.6889312977099237 0.8225190839694656 0.7652671755725191 0.8854961832061069 0.8435114503816794 0.9370229007633588 0.9770992366412213 0.9942748091603053 0.8740458015267175 0.7958015267175572 0.8072519083969466 0.7251908396946565 0.7270992366412213 0.6622137404580153 0.6545801526717557 0.6564885496183206
1 0.41603053435114506 0.9465648854961832 0.41412213740458015 0.9980916030534351 0.5305343511450382 0.9980916030534351 0.5400763358778626 0.9045801526717557 0.5381679389312977 0.8721374045801527 0.5248091603053435 0.8320610687022901 0.48854961832061067 0.8358778625954199 0.4541984732824427 0.8625954198473282 0.4255725190839695 0.9103053435114504
1 0.14885496183206107 0.9866412213740458 0.1450381679389313 0.9980916030534351 0.24236641221374045 0.9942748091603053 0.3950381679389313 0.8893129770992366 0.44083969465648853 0.8740458015267175 0.44083969465648853 0.8683206106870229 0.4351145038167939 0.8587786259541985 0.39122137404580154 0.8416030534351145 0.32251908396946566 0.8854961832061069 0.28053435114503816 0.8625954198473282 0.1965648854961832 0.9312977099236641
1 0.3435114503816794 0.9274809160305344 0.32633587786259544 0.9446564885496184 0.3416030534351145 0.9675572519083969 0.36450381679389315 0.9809160305343512 0.41030534351145037 0.9790076335877863 0.41412213740458015 0.9198473282442748 0.3702290076335878 0.9103053435114504
1 0.6698473282442748 0.8912213740458015 0.6793893129770993 0.9141221374045801 0.6622137404580153 0.9255725190839694 0.6603053435114504 0.950381679389313 0.6965648854961832 0.9217557251908397 0.7156488549618321 0.8931297709923665 0.6870229007633588 0.8854961832061069
1 0.5515267175572519 0.9541984732824428 0.5515267175572519 0.9751908396946565 0.6335877862595419 0.9561068702290076 0.6278625954198473 0.9408396946564885 0.5896946564885496 0.9026717557251909 0.5706106870229007 0.9198473282442748