1 0.04389312977099236 0.6622137404580153 0.03625954198473282 0.7080152671755725 0.1717557251908397 0.6736641221374046 0.2900763358778626 0.6240458015267175 0.30916030534351147 0.5648854961832062 0.33396946564885494 0.5209923664122137 0.37404580152671757 0.4751908396946565 0.26908396946564883 0.49809160305343514 0.1717557251908397 0.5381679389312977 0.08778625954198473 0.5935114503816794 0.06297709923664122 0.6202290076335878
1 0.29770992366412213 0.6087786259541985 0.2919847328244275 0.6583969465648855 0.33396946564885494 0.7061068702290076 0.366412213740458 0.7194656488549618 0.40458015267175573 0.7232824427480916 0.44274809160305345 0.6927480916030534 0.4599236641221374 0.6622137404580153 0.49809160305343514 0.6221374045801527 0.5019083969465649 0.6049618320610687 0.4618320610687023 0.43702290076335876 0.44083969465648853 0.4351145038167939 0.4083969465648855 0.45038167938931295 0.3511450381679389 0.5038167938931297 0.3148854961832061 0.5610687022900763
1 0.011450381679389313 0.3683206106870229 0 0.37404580152671757 0.003816793893129771 0.40076335877862596 0.05725190839694656 0.4217557251908397 0.11641221374045801 0.4312977099236641 0.4255725190839695 0.42748091603053434 0.45229007633587787 0.4217557251908397 0.4217557251908397 0.40076335877862596 0.3416030534351145 0.37786259541984735 0.16030534351145037 0.34923664122137404 0.08015267175572519 0.3511450381679389
1 0.2538167938931298 0.32633587786259544 0.25 0.34541984732824427 0.25763358778625955 0.36259541984732824 0.3797709923664122 0.38549618320610685 0.3797709923664122 0.3606870229007634 0.31297709923664124 0.3549618320610687 0.2919847328244275 0.3416030534351145 0.28053435114503816 0.30343511450381677 0.2958015267175573 0.2824427480916031 0.31297709923664124 0.2748091603053435 0.29961832061068705 0.26717557251908397 0.2748091603053435 0.28435114503816794
1 0.5534351145038168 0.37595419847328243 0.5515267175572519 0.383587786259542 0.5992366412213741 0.42938931297709926 0.6068702290076335 0.42938931297709926 0.7156488549618321 0.3893129770992366 0.7881679389312977 0.37786259541984735 0.7805343511450382 0.366412213740458 0.7977099236641222 0.34541984732824427 0.8702290076335878 0.3797709923664122 0.9885496183206107 0.37595419847328243 0.9980916030534351 0.366412213740458 0.9980916030534351 0.3148854961832061 0.9236641221374046 0.2919847328244275 0.7366412213740458 0.30725190839694655 0.6259541984732825 0.33587786259541985
1 0.7595419847328244 0.33587786259541985 0.7633587786259542 0.3511450381679389 0.8129770992366412 0.3969465648854962 0.8530534351145038 0.4599236641221374 0.8874045801526718 0.49236641221374045 0.9026717557251909 0.45229007633587787 0.8874045801526718 0.4064885496183206 0.8549618320610687 0.37404580152671757 0.7881679389312977 0.33969465648854963
1 0.5572519083969466 0.37213740458015265 0.5534351145038168 0.38549618320610685 0.5992366412213741 0.42938931297709926 0.6068702290076335 0.42938931297709926 0.7213740458015268 0.38740458015267176 0.7862595419847328 0.37786259541984735 0.7824427480916031 0.3683206106870229 0.7977099236641222 0.34541984732824427 0.8683206106870229 0.3797709923664122 0.9885496183206107 0.37595419847328243 0.9980916030534351 0.366412213740458 0.9980916030534351 0.3148854961832061 0.9236641221374046 0.2919847328244275 0.7385496183206107 0.30725190839694655 0.6259541984732825 0.33587786259541985
1 0.6278625954198473 0.4446564885496183 0.6297709923664122 0.4847328244274809 0.7652671755725191 0.5534351145038168 0.816793893129771 0.5706106870229007 0.8816793893129771 0.5801526717557252 0.9980916030534351 0.5782442748091603 0.9751908396946565 0.5381679389312977 0.8778625954198473 0.4904580152671756 0.7633587786259542 0.4618320610687023
0 0.49236641221374045 0.5458015267175572 0.5038167938931297 0.6059160305343512 0.48854961832061067 0.6450381679389313 0.5057251908396947 0.6698473282442748 0.5534351145038168 0.7041984732824428 0.566793893129771 0.7290076335877863 0.5916030534351145 0.6908396946564885 0.6240458015267175 0.6622137404580153 0.6297709923664122 0.6316793893129771 0.6202290076335878 0.601145038167939 0.566793893129771 0.549618320610687 0.5324427480916031 0.5324427480916031 0.5019083969465649 0.5343511450381679
0 0.5534351145038168 0.5 0.549618320610687 0.5190839694656488 0.566793893129771 0.5477099236641222 0.6068702290076335 0.5858778625954199 0.683206106870229 0.6297709923664122 0.7175572519083969 0.6431297709923665 0.7480916030534351 0.6431297709923665 0.7480916030534351 0.6259541984732825 0.7309160305343512 0.583969465648855 0.6774809160305344 0.5343511450381679 0.6030534351145038 0.5038167938931297
0 0.34923664122137404 0.22137404580152673 0.33396946564885494 0.2652671755725191 0.33396946564885494 0.3015267175572519 0.3511450381679389 0.34923664122137404 0.3606870229007634 0.3568702290076336 0.37404580152671757 0.3549618320610687 0.3893129770992366 0.38740458015267176 0.4484732824427481 0.41030534351145037 0.48091603053435117 0.43702290076335876 0.49809160305343514 0.4389312977099237 0.49809160305343514 0.3969465648854962 0.4866412213740458 0.3549618320610687 0.49809160305343514 0.3435114503816794 0.517175572519084 0.3568702290076336 0.5076335877862596 0.3187022900763359 0.46946564885496184 0.2786259541984733 0.3969465648854962 0.2366412213740458 0.3816793893129771 0.21755725190839695
0 0.732824427480916 0.5801526717557252 0.75 0.648854961832061 0.7900763358778626 0.6603053435114504 0.7958015267175572 0.6526717557251909 0.7862595419847328 0.6297709923664122 0.7480916030534351 0.5858778625954199
0 0.10814312977099237 0.13994847328244275 0.1450381679389313 0.09541984732824428 0.264631679389313 0.04198473282442748 0.40203625954198474 0.022900763358778626 0.5330782442748092 0.033078244274809154 0.5954198473282443 0.07124618320610687 0.6030534351145038 0.08269656488549618 0.5407118320610688 0.10559732824427481 0.4389312977099237 0.12595419847328243 0.3269713740458015 0.13613167938931298 0.20483396946564886 0.13358778625954199 0.13358778625954199 0.1450381679389313
0 0.0019083969465648854 0.22900763358778625 0 0.3702290076335878 0.09541984732824428 0.3435114503816794 0.1049618320610687 0.3301526717557252 0.10877862595419847 0.3015267175572519 0.08969465648854962 0.2366412213740458 0.05725190839694656 0.21374045801526717
0 0.05152671755725191 0.08969465648854962 0.05152671755725191 0.12213740458015267 0.07061068702290077 0.15076335877862596 0.10114503816793893 0.19083969465648856 0.12786259541984732 0.1984732824427481 0.16412213740458015 0.1450381679389313 0.10877862595419847 0.1431297709923664 0.12595419847328243 0.11068702290076336 0.1450381679389313 0.09923664122137404 0.15458015267175573 0.10114503816793893 0.16984732824427481 0.07824427480916031 0.10877862595419847 0.04007633587786259 0.0648854961832061 0.06870229007633588
0 0.13358778625954199 0.21883015267175573 0.1742996183206107 0.2073797709923664 0.24300190839694658 0.22010114503816794 0.3078874045801527 0.24554770992366412 0.31170419847328246 0.2633587786259542 0.2798988549618321 0.2811698473282443 0.25063549618320613 0.3282442748091603 0.20356297709923665 0.31297709923664124 0.16157824427480916 0.2748091603053435
0 0.1590324427480916 0.2073797709923664 0.18702290076335878 0.17048282442748092 0.22773473282442747 0.1437652671755725 0.25445229007633585 0.13740458015267176 0.40330725190839695 0.131043893129771 0.4071240458015267 0.1424942748091603 0.31297709923664124 0.17938931297709923 0.21883015267175573 0.21374045801526717
0 0.6692118320610686 0.03816793893129771 0.5941469465648855 0.061068702290076333 0.6017805343511451 0.07760877862595421 0.5445286259541985 0.10814312977099237 0.5038167938931297 0.17811641221374044 0.512723282442748 0.25190839694656486 0.5267175572519084 0.2620858778625954 0.5954198473282443 0.23536832061068702 0.6717557251908397 0.16157824427480916 0.670482824427481 0.10941412213740458
0 0.6997461832061068 0 0.6730286259541984 0.0648854961832061 0.6717557251908397 0.1590324427480916 0.6908396946564885 0.17684541984732824 0.7162843511450382 0.21755725190839695 0.7519083969465649 0.17811641221374044 0.7824427480916031 0.14758206106870228 0.7875324427480915 0.10687022900763359 0.7760820610687023 0.06615839694656489 0.7442748091603053 0.024173664122137405
0 0.7989828244274809 0.0025438931297709923 0.7659026717557252 0.04834541984732824 0.7824427480916031 0.07506297709923664 0.7888034351145039 0.12595419847328243 0.7824427480916031 0.14885496183206107 0.7684484732824427 0.16412213740458015 0.8218835877862595 0.1946564885496183 0.8498721374045802 0.21628435114503816 0.8702290076335878 0.18193320610687022 0.8994904580152673 0.13613167938931298 0.8944026717557252 0.08905916030534351 0.8600515267175572 0.0407118320610687 0.8206106870229007 0.0012729007633587787
0 0.9980916030534351 0.20101717557251908 0.9592881679389312 0.20356297709923665 0.8867690839694656 0.22391793893129772 0.8702290076335878 0.23282442748091603 0.9440209923664121 0.24300190839694658 0.9974561068702291 0.2493645038167939
0 0.6335877862595419 0.4389312977099237 0.6882958015267175 0.4211202290076336 0.8015267175572519 0.3956736641221374 0.8307881679389314 0.4198473282442748 0.8676851145038167 0.4796431297709924 0.8091603053435115 0.4720095419847328 0.7010171755725191 0.45165458015267174
0 0.05152671755725191 0.5515267175572519 0.12213740458015267 0.5648854961832062 0.21755725190839695 0.517175572519084 0.3530534351145038 0.4732824427480916 0.30725190839694655 0.4713740458015267 0.23282442748091603 0.4866412213740458 0.1450381679389313 0.5114503816793893
0 0.9007633587786259 0.04961832061068702 0.8721374045801527 0.04961832061068702 0.8950381679389313 0.09541984732824428 0.8969465648854962 0.12595419847328243 0.9618320610687023 0.13740458015267176 0.9522900763358778 0.09351145038167939 0.9599236641221374 0.08015267175572519 0.9732824427480916 0.08206106870229007 0.9732824427480916 0.07251908396946564 0.9408396946564885 0.05725190839694656
0 0.015267175572519083 0.03625954198473282 0 0.03816793893129771 0 0.09923664122137404 0.02099236641221374 0.1049618320610687 0.04580152671755725 0.07824427480916031 0.04580152671755725 0.06297709923664122 0.03816793893129771 0.03816793893129771
0 0.46564885496183206 0.01717557251908397 0.4618320610687023 0.02099236641221374 0.5419847328244275 0.03244274809160305 0.5687022900763359 0.019083969465648856 0.5820610687022901 0 0.5038167938931297 0
0 0.02862595419847328 0.14122137404580154 0 0.14122137404580154 0 0.20801526717557253 0.02862595419847328 0.16412213740458015