1 0.3885350318471338 0.47770700636942676 0.3821656050955414 0.5111464968152867 0.3885350318471338 0.5843949044585988 0.4171974522292994 0.6210191082802548 0.46178343949044587 0.6464968152866242 0.5079617834394905 0.6464968152866242 0.5875796178343949 0.6321656050955414 0.6162420382165605 0.6194267515923567 0.6369426751592356 0.6019108280254777 0.6544585987261147 0.5700636942675159 0.6735668789808917 0.5095541401273885 0.6735668789808917 0.45222929936305734 0.6656050955414012 0.4171974522292994 0.606687898089172 0.2484076433121019 0.5812101910828026 0.1480891719745223 0.5605095541401274 0.10987261146496816 0.535031847133758 0.08121019108280254 0.5238853503184714 0.07643312101910828 0.5111464968152867 0.07643312101910828 0.4729299363057325 0.11305732484076433 0.4601910828025478 0.160828025477707 0.4442675159235669 0.2770700636942675 0.4251592356687898 0.34076433121019106 0.4156050955414013 0.3996815286624204
1 0.6035031847133758 0.18630573248407642 0.6019108280254777 0.21178343949044587 0.6146496815286624 0.2643312101910828 0.6401273885350318 0.321656050955414 0.6671974522292994 0.40923566878980894 0.7117834394904459 0.48089171974522293 0.732484076433121 0.5 0.7659235668789809 0.5605095541401274 0.8535031847133758 0.64171974522293 0.9490445859872612 0.6910828025477707 0.9984076433121019 0.7054140127388535 0.9952229299363057 0.3343949044585987 0.964968152866242 0.3232484076433121 0.9378980891719745 0.2961783439490446 0.8152866242038217 0.2340764331210191 0.6464968152866242 0.18471337579617833
1 0.12101910828025478 0.606687898089172 0.11942675159235669 0.6528662420382165 0.1321656050955414 0.7085987261146497 0.16719745222929935 0.802547770700637 0.1751592356687898 0.802547770700637 0.20222929936305734 0.7611464968152867 0.28662420382165604 0.7070063694267515 0.3487261146496815 0.6480891719745223 0.38057324840764334 0.606687898089172 0.3869426751592357 0.5939490445859873 0.37898089171974525 0.5302547770700637 0.3837579617834395 0.482484076433121 0.40923566878980894 0.40764331210191085 0.4140127388535032 0.35668789808917195 0.3614649681528662 0.37101910828025475 0.3184713375796178 0.39171974522292996 0.21815286624203822 0.4538216560509554 0.15286624203821655 0.5238853503184714 0.1321656050955414 0.5621019108280255
1 0.004777070063694267 0.09076433121019108 0 0.09554140127388536 0.0031847133757961785 0.20222929936305734 0.3343949044585987 0.24522292993630573 0.43471337579617836 0.24044585987261147 0.4267515923566879 0.21496815286624205 0.4028662420382166 0.1926751592356688 0.38057324840764334 0.18152866242038215 0.40764331210191085 0.1464968152866242 0.34554140127388533 0.11305732484076433 0.30254777070063693 0.09872611464968153 0.20382165605095542 0.09076433121019108 0.11146496815286625 0.07484076433121019 0.028662420382165606 0.08280254777070063
1 0.5286624203821656 0.0015923566878980893 0.5286624203821656 0.029724522292993633 0.5143312101910829 0.05732484076433121 0.5143312101910829 0.07484076433121019 0.5318471337579618 0.07802547770700637 0.5589171974522293 0.10191082802547771 0.6385350318471338 0.0031847133757961785
1 0.41878980891719747 0.027070063694267517 0.410828025477707 0.042993630573248405 0.4171974522292994 0.07484076433121019 0.4601910828025478 0.13853503184713375 0.4697452229299363 0.11146496815286625 0.5031847133757962 0.07961783439490445 0.5047770700636943 0.05732484076433121 0.4968152866242038 0.028662420382165606 0.5 0 0.46656050955414013 0
1 0.6512738853503185 0 0.6449044585987261 0.10828025477707007 0.6337579617834395 0.1305732484076433 0.6464968152866242 0.16401273885350318 0.7356687898089171 0.16401273885350318 0.7484076433121019 0.160828025477707 0.7563694267515924 0.14968152866242038 0.767515923566879 0.15445859872611464 0.8073248407643312 0.15127388535031847 0.8073248407643312 0.13694267515923567 0.7882165605095541 0.12261146496815287 0.7754777070063694 0.09554140127388536 0.7834394904458599 0.07165605095541401 0.8105095541401274 0.030254777070063694 0.8152866242038217 0
0 0.6735668789808917 0.428343949044586 0.6799363057324841 0.4984076433121019 0.6624203821656051 0.5589171974522293 0.6321656050955414 0.6114649681528662 0.5843949044585988 0.6401273885350318 0.589171974522293 0.6560509554140127 0.6528662420382165 0.7229299363057324 0.7372611464968153 0.7754777070063694 0.9124203821656051 0.839171974522293 0.9713375796178344 0.8694267515923567 0.9761146496815286 0.85828025477707 0.9681528662420382 0.8407643312101911 0.9697452229299363 0.821656050955414 0.9840764331210191 0.767515923566879 0.9808917197452229 0.7101910828025477 0.8519108280254777 0.6449044585987261 0.7961783439490446 0.5955414012738853 0.7579617834394905 0.5557324840764332 0.7292993630573248 0.5015923566878981 0.7085987261146497 0.482484076433121 0.6878980891719745 0.4410828025477707
0 0.042993630573248405 0.5700636942675159 0.041401273885350316 0.5780254777070064 0.13535031847133758 0.5477707006369427 0.15764331210191082 0.5127388535031847 0.19904458598726116 0.4681528662420382 0.28821656050955413 0.40445859872611467 0.23248407643312102 0.4171974522292994 0.16878980891719744 0.45063694267515925 0.09872611464968153 0.5095541401273885
0 0.0031847133757961785 0.3996815286624204 0 0.5127388535031847 0.009554140127388535 0.5127388535031847 0.11624203821656051 0.49044585987261147 0.18312101910828024 0.4394904458598726 0.23885350318471338 0.4124203821656051 0.2961783439490446 0.4012738853503185 0.3184713375796178 0.3837579617834395 0.2802547770700637 0.37738853503184716 0.12579617834394904 0.37898089171974525
0 0.8343949044585988 0.22452229299363058 0.8264331210191083 0.22929936305732485 0.8296178343949044 0.2372611464968153 0.9219745222929936 0.28343949044585987 0.9617834394904459 0.3105095541401274 0.9984076433121019 0.3057324840764331 0.9984076433121019 0.1751592356687898 0.9156050955414012 0.1926751592356688
0 0.7356687898089171 0.16878980891719744 0.7340764331210191 0.18152866242038215 0.7643312101910829 0.18630573248407642 0.8726114649681529 0.18312101910828024 0.8789808917197452 0.17834394904458598 0.9984076433121019 0.16878980891719744 0.9984076433121019 0.01910828025477707 0.9267515923566879 0.022292993630573247 0.8073248407643312 0.041401273885350316 0.7802547770700637 0.09235668789808917 0.7866242038216561 0.11624203821656051 0.8105095541401274 0.13694267515923567 0.8057324840764332 0.1592356687898089 0.7515923566878981 0.1624203821656051
0 0.34554140127388533 0.2786624203821656 0.34554140127388533 0.29777070063694266 0.35828025477707004 0.31528662420382164 0.410828025477707 0.34394904458598724 0.42197452229299365 0.34235668789808915 0.4426751592356688 0.26910828025477707 0.4394904458598726 0.25636942675159236 0.4267515923566879 0.2484076433121019 0.37738853503184716 0.25
0 0.18152866242038215 0.03980891719745223 0.17197452229299362 0.04936305732484077 0.1735668789808917 0.05732484076433121 0.20222929936305734 0.06687898089171974 0.35987261146496813 0.05732484076433121 0.4028662420382166 0.04777070063694268 0.4171974522292994 0.025477707006369428 0.4585987261146497 0 0.24203821656050956 0
0 0.1926751592356688 0.23089171974522293 0.18789808917197454 0.2372611464968153 0.19904458598726116 0.2515923566878981 0.2643312101910828 0.28662420382165604 0.3105095541401274 0.3343949044585987 0.3200636942675159 0.32802547770700635 0.3359872611464968 0.28662420382165604 0.3343949044585987 0.2484076433121019