1 0.30916030534351147 0.23091603053435114 0.32061068702290074 0.3187022900763359 0.3320610687022901 0.3530534351145038 0.2919847328244275 0.6240458015267175 0.2786259541984733 0.6679389312977099 0.2767175572519084 0.7156488549618321 0.3148854961832061 0.7480916030534351 0.36259541984732824 0.7270992366412213 0.3797709923664122 0.6965648854961832 0.40076335877862596 0.31297709923664124 0.43702290076335876 0.20229007633587787 0.4351145038167939 0.14885496183206107 0.4064885496183206 0.12404580152671756 0.36450381679389315 0.13740458015267176 0.32061068702290074 0.1851145038167939
1 0.13486068702290077 0.6380400763358779 0.12595419847328243 0.6507633587786259 0.19083969465648856 0.683206106870229 0.27099236641221375 0.6755725190839694 0.2862595419847328 0.6374045801526718 0.2958015267175573 0.566793893129771 0.26717557251908397 0.5648854961832062 0.20229007633587787 0.5858778625954199
1 0.10305343511450382 0.9904580152671756 0.10305343511450382 0.9980916030534351 0.11068702290076336 0.9961832061068703 0.1946564885496183 0.9465648854961832 0.37595419847328243 0.8110687022900763 0.4351145038167939 0.7748091603053435 0.4026717557251908 0.7633587786259542 0.35877862595419846 0.7633587786259542 0.2748091603053435 0.7958015267175572 0.1946564885496183 0.8683206106870229
1 0.4198473282442748 0.8148854961832062 0.4198473282442748 0.8683206106870229 0.43320610687022904 0.9103053435114504 0.46946564885496184 0.9751908396946565 0.5343511450381679 0.8606870229007634 0.5438931297709924 0.8110687022900763 0.5381679389312977 0.7442748091603053 0.5209923664122137 0.7366412213740458 0.46564885496183206 0.7538167938931297 0.4312977099236641 0.7881679389312977
1 0.5152671755725191 0.5477099236641222 0.5209923664122137 0.6145038167938931 0.5419847328244275 0.6755725190839694 0.5763358778625954 0.7290076335877863 0.648854961832061 0.7977099236641222 0.6641221374045801 0.8473282442748091 0.683206106870229 0.6812977099236641 0.648854961832061 0.5992366412213741 0.6202290076335878 0.5591603053435115 0.5877862595419847 0.5362595419847328 0.5438931297709924 0.549618320610687
1 0.6545801526717557 0.5954198473282443 0.6545801526717557 0.6164122137404581 0.6965648854961832 0.7061068702290076 0.8587786259541985 0.7919847328244275 0.9980916030534351 0.8435114503816794 0.9484732824427481 0.7862595419847328 0.8874045801526718 0.6946564885496184 0.8473282442748091 0.6603053435114504 0.7366412213740458 0.5935114503816794
1 0.4580152671755725 0.4713740458015267 0.45610687022900764 0.49427480916030536 0.4675572519083969 0.5209923664122137 0.5038167938931297 0.5286259541984732 0.5057251908396947 0.49809160305343514 0.48282442748091603 0.4312977099236641 0.46946564885496184 0.4389312977099237
1 0.45610687022900764 0.28435114503816794 0.44656488549618323 0.3435114503816794 0.45229007633587787 0.38549618320610685 0.4713740458015267 0.42748091603053434 0.45610687022900764 0.49236641221374045 0.4713740458015267 0.5248091603053435 0.5038167938931297 0.5267175572519084 0.5057251908396947 0.49809160305343514 0.4866412213740458 0.4351145038167939 0.5057251908396947 0.40076335877862596 0.5114503816793893 0.29961832061068705 0.5190839694656488 0.2919847328244275 0.5229007633587787 0.2633587786259542 0.5209923664122137 0.24427480916030533 0.5114503816793893 0.23473282442748092 0.5209923664122137 0.20610687022900764 0.5095419847328244 0.18893129770992367 0.5038167938931297 0.20038167938931298 0.4847328244274809 0.1984732824427481
1 0.5629770992366412 0.5152671755725191 0.5610687022900763 0.5305343511450382 0.5782442748091603 0.5076335877862596 0.6068702290076335 0.5019083969465649 0.6793893129770993 0.5057251908396947 0.7118320610687023 0.5229007633587787 0.7938931297709924 0.5877862595419847 0.8206106870229007 0.6412213740458015 0.8664122137404581 0.6717557251908397 0.8893129770992366 0.6927480916030534 0.8969465648854962 0.7118320610687023 0.9122137404580153 0.7175572519083969 0.8931297709923665 0.6526717557251909 0.8358778625954199 0.5973282442748091 0.7862595419847328 0.5629770992366412 0.7538167938931297 0.5190839694656488 0.6908396946564885 0.47900763358778625 0.6679389312977099 0.4713740458015267 0.6145038167938931 0.4751908396946565 0.5763358778625954 0.49427480916030536
1 0.5381679389312977 0.15076335877862596 0.5286259541984732 0.1717557251908397 0.5458015267175572 0.16793893129770993 0.566793893129771 0.183206106870229 0.5629770992366412 0.3549618320610687 0.6125954198473282 0.43320610687022904 0.6297709923664122 0.44656488549618323 0.6145038167938931 0.41603053435114506 0.6507633587786259 0.3377862595419847 0.6469465648854962 0.2786259541984733 0.6316793893129771 0.21755725190839695 0.6202290076335878 0.18893129770992367 0.5858778625954199 0.14885496183206107
1 0.20610687022900764 0.5419847328244275 0.20610687022900764 0.5782442748091603 0.23091603053435114 0.5744274809160306 0.2919847328244275 0.4961832061068702 0.30725190839694655 0.4866412213740458 0.30916030534351147 0.4637404580152672 0.24618320610687022 0.4847328244274809 0.21946564885496184 0.5133587786259542
1 0.5305343511450382 0.8950381679389313 0.5305343511450382 0.9408396946564885 0.5477099236641222 0.9980916030534351 0.6889312977099237 0.9980916030534351 0.6698473282442748 0.950381679389313 0.6259541984732825 0.9026717557251909 0.5725190839694656 0.8835877862595419 0.5362595419847328 0.8874045801526718
1 0.6717557251908397 0.8034351145038168 0.6679389312977099 0.8473282442748091 0.6946564885496184 0.833969465648855 0.7175572519083969 0.8110687022900763
1 0.5534351145038168 0.8587786259541985 0.5534351145038168 0.8759541984732825 0.6583969465648855 0.851145038167939 0.6603053435114504 0.8301526717557252 0.6507633587786259 0.8053435114503816 0.6374045801526718 0.7977099236641222 0.5992366412213741 0.8091603053435115
1 0.41030534351145037 0.5362595419847328 0.4026717557251908 0.5419847328244275 0.4179389312977099 0.5553435114503816 0.45229007633587787 0.566793893129771 0.4847328244274809 0.5954198473282443 0.4904580152671756 0.5916030534351145 0.5019083969465649 0.5477099236641222 0.49809160305343514 0.5286259541984732
1 0.3416030534351145 0.8416030534351145 0.3282442748091603 0.8587786259541985 0.3549618320610687 0.8759541984732825 0.4179389312977099 0.8702290076335878 0.41030534351145037 0.8282442748091603 0.3702290076335878 0.8225190839694656