1 0.29770992366412213 0.6068702290076335 0.2919847328244275 0.6583969465648855 0.33396946564885494 0.7061068702290076 0.36450381679389315 0.7194656488549618 0.4026717557251908 0.7232824427480916 0.44274809160305345 0.6927480916030534 0.5019083969465649 0.6087786259541985 0.46946564885496184 0.45229007633587787 0.4580152671755725 0.4351145038167939 0.4122137404580153 0.4484732824427481 0.3606870229007634 0.49236641221374045 0.32061068702290074 0.549618320610687
1 0.04389312977099236 0.6698473282442748 0.04198473282442748 0.7061068702290076 0.17748091603053434 0.6717557251908397 0.2862595419847328 0.6259541984732825 0.3301526717557252 0.5248091603053435 0.37213740458015265 0.4751908396946565 0.26908396946564883 0.49809160305343514 0.1316793893129771 0.5610687022900763 0.06297709923664122 0.6183206106870229
1 0.015267175572519083 0.366412213740458 0 0.37404580152671757 0 0.3988549618320611 0.05152671755725191 0.4198473282442748 0.10114503816793893 0.42938931297709926 0.2729007633587786 0.4312977099236641 0.45229007633587787 0.4217557251908397 0.4255725190839695 0.4026717557251908 0.3530534351145038 0.3797709923664122 0.16603053435114504 0.34923664122137404 0.08015267175572519 0.3511450381679389
1 0.25190839694656486 0.3301526717557252 0.2538167938931298 0.3606870229007634 0.3473282442748092 0.37404580152671757 0.3797709923664122 0.38549618320610685 0.3797709923664122 0.3606870229007634 0.3187022900763359 0.3568702290076336 0.2900763358778626 0.3377862595419847 0.28053435114503816 0.30343511450381677 0.30725190839694655 0.2748091603053435 0.3015267175572519 0.26717557251908397 0.2729007633587786 0.2862595419847328
1 0.5209923664122137 0.37404580152671757 0.5209923664122137 0.4122137404580153 0.5515267175572519 0.4580152671755725 0.5763358778625954 0.4770992366412214 0.6202290076335878 0.4866412213740458 0.6278625954198473 0.46564885496183206 0.6240458015267175 0.45229007633587787 0.5458015267175572 0.3816793893129771
1 0.7652671755725191 0.33396946564885494 0.7652671755725191 0.3530534351145038 0.7919847328244275 0.37404580152671757 0.8435114503816794 0.43702290076335876 0.8530534351145038 0.4599236641221374 0.8874045801526718 0.49236641221374045 0.9007633587786259 0.4618320610687023 0.9007633587786259 0.4389312977099237 0.8874045801526718 0.4064885496183206 0.8625954198473282 0.3797709923664122 0.8034351145038168 0.34923664122137404 0.7881679389312977 0.3282442748091603
1 0.6354961832061069 0.4446564885496183 0.6259541984732825 0.44656488549618323 0.6297709923664122 0.4847328244274809 0.7061068702290076 0.5286259541984732 0.7767175572519084 0.5572519083969466 0.8835877862595419 0.5801526717557252 0.982824427480916 0.5820610687022901 0.9980916030534351 0.5763358778625954 0.9751908396946565 0.5381679389312977 0.898854961832061 0.49809160305343514 0.7690839694656488 0.4637404580152672
1 0.5572519083969466 0.37213740458015265 0.5534351145038168 0.38549618320610685 0.5992366412213741 0.42938931297709926 0.6068702290076335 0.42938931297709926 0.7137404580152672 0.3893129770992366 0.7919847328244275 0.37786259541984735 0.7805343511450382 0.36450381679389315 0.7977099236641222 0.3435114503816794 0.8683206106870229 0.3797709923664122 0.9885496183206107 0.37595419847328243 0.9885496183206107 0.3683206106870229 0.9980916030534351 0.36450381679389315 0.9980916030534351 0.3148854961832061 0.9217557251908397 0.2919847328244275 0.8854961832061069 0.2919847328244275 0.8244274809160306 0.3053435114503817 0.7480916030534351 0.3053435114503817 0.6259541984732825 0.33587786259541985
0 0.49236641221374045 0.5458015267175572 0.5038167938931297 0.6059160305343512 0.4866412213740458 0.6393129770992366 0.4904580152671756 0.6526717557251909 0.5209923664122137 0.683206106870229 0.5534351145038168 0.7022900763358778 0.566793893129771 0.7290076335877863 0.5820610687022901 0.7022900763358778 0.6240458015267175 0.6603053435114504 0.6297709923664122 0.6335877862595419 0.6202290076335878 0.5973282442748091 0.5477099236641222 0.5400763358778626 0.5038167938931297 0.5343511450381679
0 0.5553435114503816 0.5 0.549618320610687 0.5190839694656488 0.5763358778625954 0.5610687022900763 0.6068702290076335 0.5858778625954199 0.6946564885496184 0.6335877862595419 0.7290076335877863 0.6431297709923665 0.7461832061068703 0.6374045801526718 0.7309160305343512 0.583969465648855 0.6774809160305344 0.5343511450381679 0.6202290076335878 0.5095419847328244
0 0.7385496183206107 0.5801526717557252 0.7309160305343512 0.583969465648855 0.7423664122137404 0.6030534351145038 0.7519083969465649 0.648854961832061 0.7824427480916031 0.6583969465648855 0.7958015267175572 0.6545801526717557 0.7633587786259542 0.5992366412213741
0 0.05916030534351145 0.549618320610687 0.05534351145038168 0.5534351145038168 0.0648854961832061 0.5572519083969466 0.12213740458015267 0.5648854961832062 0.1984732824427481 0.5248091603053435 0.3435114503816794 0.4751908396946565 0.2958015267175573 0.4732824427480916 0.17748091603053434 0.5019083969465649
0 0.34923664122137404 0.22328244274809161 0.33396946564885494 0.2767175572519084 0.33969465648854963 0.32251908396946566 0.3530534351145038 0.3511450381679389 0.37213740458015265 0.3530534351145038 0.38740458015267176 0.38549618320610685 0.44083969465648853 0.4026717557251908 0.4637404580152672 0.42748091603053434 0.49809160305343514 0.43702290076335876 0.49809160305343514 0.40076335877862596 0.4866412213740458 0.3549618320610687 0.5 0.34541984732824427 0.5152671755725191 0.3549618320610687 0.5057251908396947 0.31679389312977096 0.44083969465648853 0.2595419847328244 0.3683206106870229 0.22328244274809161
0 0.13740458015267176 0.21946564885496184 0.14122137404580154 0.25 0.16603053435114504 0.28435114503816794 0.20038167938931298 0.3110687022900763 0.24045801526717558 0.3282442748091603 0.25190839694656486 0.32633587786259544 0.2652671755725191 0.29389312977099236 0.2881679389312977 0.26908396946564883 0.3301526717557252 0.27099236641221375 0.30343511450381677 0.24618320610687022 0.25763358778625955 0.22709923664122136 0.2480916030534351 0.21183206106870228
0 0.0019083969465648854 0.22900763358778625 0 0.3702290076335878 0.0916030534351145 0.3473282442748092 0.10305343511450382 0.33396946564885494 0.10877862595419847 0.3015267175572519 0.09923664122137404 0.26145038167938933 0.08015267175572519 0.22519083969465647 0.04961832061068702 0.21374045801526717
0 0.4122137404580153 0.02480916030534351 0.44274809160305345 0.12022900763358779 0.549618320610687 0.10114503816793893 0.5877862595419847 0.07442748091603053 0.549618320610687 0.04198473282442748 0.5095419847328244 0.02862595419847328 0.46946564885496184 0.02099236641221374
0 0.12595419847328243 0.1183206106870229 0.11641221374045801 0.13358778625954199 0.12213740458015267 0.1431297709923664 0.3606870229007634 0.13358778625954199 0.4312977099236641 0.12213740458015267 0.3969465648854962 0.02480916030534351 0.3301526717557252 0.030534351145038167 0.24427480916030533 0.05152671755725191 0.17938931297709923 0.08206106870229007
0 0.05152671755725191 0.08969465648854962 0.04961832061068702 0.11641221374045801 0.06679389312977099 0.1450381679389313 0.10305343511450382 0.19274809160305342 0.12595419847328243 0.20038167938931298 0.16412213740458015 0.1450381679389313 0.1316793893129771 0.14694656488549618 0.11259541984732824 0.13549618320610687 0.12404580152671756 0.11450381679389313 0.15458015267175573 0.10114503816793893 0.16984732824427481 0.07824427480916031 0.10687022900763359 0.04007633587786259 0.0648854961832061 0.06870229007633588
0 0.16793893129770993 0.19274809160305342 0.16793893129770993 0.2099236641221374 0.22519083969465647 0.2099236641221374 0.37213740458015265 0.15458015267175573 0.4026717557251908 0.13358778625954199 0.22137404580152673 0.13931297709923665 0.19274809160305342 0.16030534351145037
0 0.02862595419847328 0.14122137404580154 0 0.14122137404580154 0 0.20610687022900764 0.02862595419847328 0.16221374045801526
0 0.015267175572519083 0.03625954198473282 0 0.03816793893129771 0 0.09923664122137404 0.02099236641221374 0.10305343511450382 0.04580152671755725 0.07633587786259542 0.04580152671755725 0.06297709923664122 0.03816793893129771 0.03816793893129771
0 0.6736641221374046 0.06297709923664122 0.6679389312977099 0.13358778625954199 0.6793893129770993 0.16793893129770993 0.702925572519084 0.19147519083969466 0.7137404580152672 0.21564885496183206 0.7748091603053435 0.15076335877862596 0.7843511450381679 0.12786259541984732 0.7805343511450382 0.08778625954198473 0.7576335877862596 0.04389312977099236 0.7175572519083969 0 0.6984732824427481 0
0 0.5114503816793893 0.16984732824427481 0.5095419847328244 0.22137404580152673 0.5248091603053435 0.25763358778625955 0.5744274809160306 0.24427480916030533 0.6125954198473282 0.22328244274809161 0.6507633587786259 0.19083969465648856 0.6698473282442748 0.16030534351145037 0.6603053435114504 0.11259541984732824 0.6717557251908397 0.04580152671755725 0.6412213740458015 0.04389312977099236 0.6049618320610687 0.06297709923664122 0.5381679389312977 0.12213740458015267
0 0.7748091603053435 0.03435114503816794 0.767175572519084 0.05534351145038168 0.7843511450381679 0.08778625954198473 0.7862595419847328 0.12213740458015267 0.7729007633587787 0.16221374045801526 0.8492366412213741 0.21183206106870228 0.8874045801526718 0.15267175572519084 0.8950381679389313 0.12786259541984732 0.8912213740458015 0.0916030534351145 0.8606870229007634 0.04198473282442748 0.8129770992366412 0 0.799618320610687 0
0 0.8664122137404581 0.22519083969465647 0.8606870229007634 0.22900763358778625 0.9980916030534351 0.2480916030534351 0.9980916030534351 0.20038167938931298
0 0.9064885496183206 0.04961832061068702 0.8702290076335878 0.04961832061068702 0.8931297709923665 0.0916030534351145 0.8969465648854962 0.12595419847328243 0.9618320610687023 0.13549618320610687 0.9522900763358778 0.09351145038167939 0.9790076335877863 0.08396946564885496 0.9770992366412213 0.07633587786259542 0.9427480916030534 0.05725190839694656
0 0.8829522900763358 0.3918568702290076 0.9516545801526717 0.40076335877862596 0.9980916030534351 0.4122137404580153 0.9980916030534351 0.4541984732824427 0.9427480916030534 0.4732824427480916 0.9020362595419846 0.4783721374045802 0.9045801526717557 0.44656488549618323 0.8944026717557252 0.4198473282442748